# ============================================================
#  CSST Flow Capacity Data – OmegaFlex TracPipe (FGP-SS4-CHART)
#  Source: OmegaFlex TracPipe Specification Data Sheet (6160 / 6362)
#  Natural-gas flows in CFH (cubic feet per hour)
#  Natural gas: 1000 BTU/scf, SG = 0.60
#  Propane: 2520 BTU/scf, SG = 1.52; propane flows tabulated in MBTU/h
#    exactly as printed on the source sheet ("Capacity ... in Thousands of
#    BTU per Hour Propane Gas"); flow_units in each propane block is
#    MBtu_per_h and the parser converts to CFH (x1000/2520)
#  Tables include losses for four 90-degree bends and two end fittings
#  Additional fittings/bends: add L = 1.3n ft of equivalent length
# ============================================================
#
# PIPE HEADER FIELDS:
#   vendor              = issuing manufacturer
#   gas                 = gas type (natural_gas | propane)
#   table               = source table identifier
#   pressure_schedule   = human-readable pressure condition
#   P_inlet_psi         = inlet gauge pressure (psi)
#   dP_inWC             = pressure drop (inches water column); low-pressure tables
#   dP_psi              = pressure drop (psi); elevated-pressure tables
#   flow_units          = CFH (natural gas) or MBtu_per_h (propane)
#
# TABLE DATA:
#   One block per pressure schedule.
#   Rows are pipe sizes (EHD), columns are lengths in feet.
#   Each row: ehd, nom_size, id_in, flow values at each length_ft
#   Length columns are listed in the LENGTHS line.
# ============================================================
# EHD DESIGNATIONS (TracPipe FGP-SS4, from spec sheet):
#   EHD 15  -> nom_size=3/8",   id_in=0.440,  part=FGP-SS4-375
#   EHD 19  -> nom_size=1/2",   id_in=0.597,  part=FGP-SS4-500
#   EHD 25  -> nom_size=3/4",   id_in=0.820,  part=FGP-SS4-750
#   EHD 31  -> nom_size=1",     id_in=1.040,  part=FGP-SS4-1000
#   EHD 37  -> nom_size=1-1/4", id_in=1.290,  part=FGP-SS4-1250
#   EHD 46  -> nom_size=1-1/2", id_in=1.525,  part=FGP-SS4-1500
#   EHD 62  -> nom_size=2",     id_in=2.060,  part=FGP-SS4-2000
# ============================================================


# ============================================================
# TABLE N-1 – Natural Gas, Low Pressure (< 7 in w.c. inlet, 0.5 in w.c. drop)
# ============================================================

[TABLE N-1]
vendor              = OmegaFlex TracPipe
gas                 = natural_gas
table               = N-1
pressure_schedule   = low pressure, 0.5 inWC drop
P_inlet_psi         = 0.25
dP_inWC             = 0.5
flow_units          = CFH
LENGTHS = 5, 10, 15, 20, 25, 30, 40, 50, 60, 70, 75, 80, 90, 100, 125, 150, 200, 250, 300, 400, 500, 600, 700, 800, 900, 1000, 1100, 1200, 1300, 1400, 1500

TABLE1
# ehd, nom_size, id_in, [flows at each length_ft in order above]
15,  3/8",   0.440,   63,  45,  37,  33,  29,  27,  23,  21,  19,  18,  17,  17,  16,  15,  14,  12,  11,  10,   9,   8,   7,   6,   6,   5,   5,   5,   5,   4,   4,   4,   4
19,  1/2",   0.597,  138,  99,  81,  70,  63,  58,  50,  45,  41,  38,  37,  36,  34,  32,  29,  26,  23,  20,  19,  16,  14,  13,  12,  11,  11,  10,  10,   9,   9,   9,   8
25,  3/4",   0.820,  344, 245, 201, 175, 157, 143, 125, 112, 102,  95,  92,  89,  84,  80,  71,  65,  57,  51,  46,  40,  36,  33,  31,  29,  27,  26,  24,  23,  22,  22,  21
31,    1",   1.040,  589, 419, 343, 298, 267, 244, 212, 190, 174, 161, 156, 151, 142, 135, 121, 111,  96,  86,  79,  68,  61,  56,  52,  48,  46,  43,  41,  40,  38,  37,  35
37, 1-1/4",  1.290, 1109, 789, 646, 561, 503, 460, 399, 358, 327, 303, 293, 284, 268, 254, 228, 208, 181, 162, 148, 128, 115, 105,  97,  91,  86,  82,  78,  75,  72,  69,  67
46, 1-1/2",  1.525, 1790,1261,1027, 888, 793, 723, 625, 559, 509, 471, 455, 440, 415, 393, 351, 320, 277, 247, 226, 195, 174, 159, 147, 137, 129, 123, 117, 112, 107, 103, 100
62,    2",   2.060, 4142,2934,2398,2078,1860,1698,1472,1317,1203,1114,1076,1042, 983, 933, 835, 762, 661, 591, 540, 468, 419, 382, 354, 331, 312, 296, 283, 271, 260, 251, 242
END_TABLE1


# ============================================================
# TABLE N-2 – Natural Gas, Medium Pressure (7–14 in w.c. inlet, 1.0 in w.c. drop)
# ============================================================

[TABLE N-2]
vendor              = OmegaFlex TracPipe
gas                 = natural_gas
table               = N-2
pressure_schedule   = medium pressure, 1.0 inWC drop
P_inlet_psi         = 0.50
dP_inWC             = 1.0
flow_units          = CFH
LENGTHS = 5, 10, 15, 20, 25, 30, 40, 50, 60, 70, 75, 80, 90, 100, 125, 150, 200, 250, 300, 400, 500, 600, 700, 800, 900, 1000, 1100, 1200, 1300, 1400, 1500

TABLE1
# ehd, nom_size, id_in, [flows at each length_ft in order above]
15,  3/8",   0.440,   87,  63,  52,  45,  41,  37,  33,  29,  27,  25,  24,  23,  22,  21,  19,  17,  15,  14,  12,  11,  10,   9,   8,   8,   7,   7,   7,   6,   6,   6,   6
19,  1/2",   0.597,  193, 138, 113,  99,  88,  81,  70,  63,  58,  54,  52,  50,  47,  45,  40,  37,  32,  29,  26,  23,  20,  19,  17,  16,  15,  14,  14,  13,  13,  12,  12
25,  3/4",   0.820,  482, 344, 282, 245, 220, 201, 175, 157, 143, 133, 129, 125, 118, 112, 100,  92,  80,  71,  65,  57,  51,  46,  43,  40,  38,  36,  34,  33,  32,  31,  30
31,    1",   1.040,  827, 589, 483, 419, 376, 343, 298, 267, 244, 227, 219, 212, 200, 190, 170, 156, 135, 121, 111,  96,  86,  79,  73,  68,  64,  61,  58,  56,  54,  52,  50
37, 1-1/4",  1.290, 1558,1109, 908, 789, 707, 646, 561, 503, 460, 426, 412, 399, 377, 358, 320, 293, 254, 228, 208, 181, 162, 148, 137, 128, 121, 115, 110, 105, 101,  97,  94
46, 1-1/2",  1.525, 2541,1790,1458,1261,1126,1027, 888, 793, 723, 669, 646, 625, 589, 559, 499, 455, 393, 351, 320, 277, 247, 226, 209, 195, 184, 174, 166, 159, 152, 147, 142
62,    2",   2.060, 5848,4142,3386,2934,2626,2398,2078,1860,1698,1573,1520,1472,1388,1317,1179,1076, 933, 835, 762, 661, 591, 540, 500, 468, 441, 419, 399, 382, 367, 354, 342
END_TABLE1


# ============================================================
# TABLE N-3 – Natural Gas, Elevated Pressure 2 psig inlet, 1.0 psi drop
# ============================================================

[TABLE N-3]
vendor              = OmegaFlex TracPipe
gas                 = natural_gas
table               = N-3
pressure_schedule   = elevated pressure 2 psig, 1.0 psi drop
P_inlet_psi         = 2.0
dP_psi              = 1.0
flow_units          = CFH
LENGTHS = 5, 10, 15, 20, 25, 30, 40, 50, 60, 70, 75, 80, 90, 100, 125, 150, 200, 250, 300, 400, 500, 600, 700, 800, 900, 1000, 1100, 1200, 1300, 1400, 1500

TABLE1
# ehd, nom_size, id_in, [flows at each length_ft in order above]
15,  3/8",   0.440,   410,  353,  286,  246,  220,  200,  172,  154,  139,  128,  124,  120,  112,  107,   94,   87,   75,   67,   61,   53,   47,   43,   40,   38,   36,   34,   33,   31,   30,   29,   28
19,  1/2",   0.597,   965,  700,  567,  493,  444,  406,  353,  317,  290,  269,  260,  252,  238,  226,  203,  186,  162,  145,  133,  116,  104,   95,   88,   83,   78,   74,   71,   68,   65,   63,   61
25,  3/4",   0.820,  2430, 1734, 1423, 1237, 1110, 1015,  883,  792,  724,  672,  650,  630,  595,  565,  507,  464,  403,  361,  331,  287,  258,  236,  219,  205,  193,  184,  175,  168,  162,  156,  151
31,    1",   1.040,  4220, 3004, 2463, 2139, 1917, 1753, 1522, 1365, 1248, 1157, 1118, 1084, 1023,  971,  871,  796,  691,  620,  567,  492,  441,  403,  374,  350,  330,  314,  299,  287,  276,  266,  257
37, 1-1/4",  1.290,  7969, 5670, 4646, 4034, 3615, 3305, 2870, 2572, 2352, 2180, 2108, 2042, 1927, 1830, 1640, 1499, 1302, 1167, 1067,  926,  830,  759,  703,  659,  622,  590,  563,  540,  519,  500,  484
46, 1-1/2",  1.525, 13626, 9599, 7820, 6762, 6041, 5509, 4763, 4255, 3881, 3590, 3467, 3355, 3161, 2997, 2678, 2442, 2111, 1886, 1720, 1487, 1329, 1212, 1121, 1048,  987,  936,  892,  853,  820,  789,  762
62,    2",   2.060, 30546,21637,17684,15326,13715,12526,10855, 9715, 8872, 8217, 7940, 7689, 7251, 6881, 6158, 5624, 4874, 4362, 3983, 3452, 3089, 2821, 2613, 2445, 2306, 2188, 2087, 1998, 1920, 1851, 1788
END_TABLE1


# ============================================================
# TABLE N-4 – Natural Gas, Elevated Pressure 5 psig inlet, 3.5 psi drop
# ============================================================

[TABLE N-4]
vendor              = OmegaFlex TracPipe
gas                 = natural_gas
table               = N-4
pressure_schedule   = elevated pressure 5 psig, 3.5 psi drop
P_inlet_psi         = 5.0
dP_psi              = 3.5
flow_units          = CFH
LENGTHS = 5, 10, 15, 20, 25, 30, 40, 50, 60, 70, 75, 80, 90, 100, 125, 150, 200, 250, 300, 400, 500, 600, 700, 800, 900, 1000, 1100, 1200, 1300, 1400, 1500

TABLE1
# ehd, nom_size, id_in, [flows at each length_ft in order above]
15,  3/8",   0.440,    736,   672,   552,   475,   420,   382,   329,   293,   267,   246,   238,   230,   216,   205,   182,   166,   143,   128,   116,   100,    89,    78,    73,    68,    65,    62,    59,    57,    54,    53,    51
19,  1/2",   0.597,   1769,  1304,  1040,   905,   827,   755,   654,   586,   532,   493,   479,   463,   437,   415,   373,   341,   297,   266,   244,   212,   190,   174,   162,   152,   143,   136,   130,   125,   120,   116,   112
25,  3/4",   0.820,   4472,  3191,  2619,  2277,  2042,  1869,  1625,  1457,  1333,  1237,  1196,  1159,  1095,  1040,   933,   853,   742,   665,   609,   529,   475,   434,   403,   378,   356,   339,   323,   310,   298,   287,   278
31,    1",   1.040,   7800,  5659,  4552,  3953,  3543,  3240,  2814,  2522,  2307,  2139,  2067,  2003,  1891,  1795,  1609,  1472,  1278,  1146,  1048,   910,   815,   746,   691,   647,   611,   580,   554,   531,   510,   492,   476
37, 1-1/4",  1.290,  14743, 10489,  8595,  7463,  6688,  6116,  5310,  4759,  4351,  4034,  3899,  3778,  3565,  3386,  3034,  2774,  2409,  2159,  1974,  1714,  1536,  1404,  1302,  1219,  1151,  1093,  1043,   999,   960,   926,   895
46, 1-1/2",  1.525,  25665, 18080, 14730, 12737, 11378, 10377,  8972,  8015,  7310,  6762,  6530,  6320,  5955,  5646,  5044,  4600,  3977,  3553,  3240,  2802,  2503,  2283,  2111,  1974,  1860,  1763,  1680,  1608,  1544,  1487,  1436
62,    2",   2.060,  56970, 40353, 32981, 28583, 25580, 23361, 20246, 18119, 16547, 15326, 14809, 14341, 13524, 12834, 11485, 10489,  9090,  8135,  7430,  6439,  5762,  5262,  4874,  4561,  4301,  4081,  3892,  3727,  3582,  3452,  3336
END_TABLE1


# ============================================================
# TABLE N-5 – Natural Gas, Elevated Pressure 20 psig inlet, 10.0 psi drop
# ============================================================

[TABLE N-5]
vendor              = OmegaFlex TracPipe
gas                 = natural_gas
table               = N-5
pressure_schedule   = elevated pressure 20 psig, 10.0 psi drop
P_inlet_psi         = 20.0
dP_psi              = 10.0
flow_units          = CFH
LENGTHS = 5, 10, 15, 20, 25, 30, 40, 50, 60, 70, 75, 80, 90, 100, 125, 150, 200, 250, 300, 400, 500, 600, 700, 800, 900, 1000, 1100, 1200, 1300, 1400, 1500

TABLE1
# ehd, nom_size, id_in, [flows at each length_ft in order above]
15,  3/8",   0.440,   1315,   958,   796,   698,   630,   580,   508,   459,   422,   393,   381,   370,   351,   334,   302,   278,   243,   220,   202,   177,   160,   147,   137,   129,   122,   116,   111,   107,   103,   100,    97
19,  1/2",   0.597,   3044,  2214,  1838,  1610,  1453,  1336,  1171,  1057,   972,   905,   877,   851,   807,   768,   693,   638,   559,   504,   464,   406,   367,   337,   314,   295,   280,   266,   255,   245,   236,   228,   221
25,  3/4",   0.820,   7190,  5268,  4391,  3859,  3491,  3217,  2827,  2558,  2357,  2199,  2132,  2071,  1965,  1874,  1695,  1562,  1373,  1242,  1144,  1006,   910,   838,   782,   737,   699,   666,   639,   614,   592,   573,   555
31,    1",   1.040,  12131,  8910,  7439,  6545,  5926,  5464,  4807,  4353,  4014,  3747,  3634,  3531,  3351,  3197,  2895,  2669,  2348,  2126,  1961,  1725,  1562,  1440,  1344,  1267,  1202,  1147,  1099,  1058,  1021,   987,   958
37, 1-1/4",  1.290,  18598, 13773, 11553, 10199,  9259,  8556,  7553,  6857,  6336,  5926,  5752,  5593,  5315,  5078,  4610,  4259,  3760,  3414,  3154,  2784,  2528,  2336,  2185,  2062,  1959,  1872,  1796,  1730,  1671,  1618,  1570
46, 1-1/2",  1.525,  35539, 25802, 21395, 18733, 16898, 15533, 13600, 12268, 11277, 10502, 10173,  9874,  9351,  8907,  8034,  7385,  6466,  5833,  5362,  4695,  4235,  3893,  3625,  3408,  3228,  3074,  2942,  2826,  2723,  2632,  2549
62,    2",   2.060,  65326, 48577, 40848, 36123, 32837, 30375, 26861, 24418, 22588, 21147, 20533, 19974, 18994, 18158, 16506, 15269, 13502, 12274, 11354, 10040,  9127,  8443,  7904,  7466,  7099,  6787,  6516,  6278,  6067,  5878,  5707
END_TABLE1


# ============================================================
# TABLE P-1 – Propane, Low Pressure (11–12 in w.c. inlet, 1.0 in w.c. drop)
# Flows are MBTU/h of propane (SG = 1.52, 2520 BTU/scf), verbatim from the
# source sheet ("Thousands of BTU per Hour Propane Gas")
# ============================================================

[TABLE P-1]
vendor              = OmegaFlex TracPipe
gas                 = propane
table               = P-1
pressure_schedule   = propane low pressure, 1.0 inWC drop
P_inlet_psi         = 0.43
dP_inWC             = 1.0
flow_units          = MBtu_per_h
LENGTHS = 5, 10, 15, 20, 25, 30, 40, 50, 60, 70, 75, 80, 90, 100, 125, 150, 200, 250, 300, 400, 500, 600, 700, 800, 900, 1000, 1100, 1200, 1300, 1400, 1500

TABLE1
# ehd, nom_size, id_in, [flows at each length_ft in order above]
15,  3/8",   0.440,   138,  100,   82,   71,   65,   59,   52,   46,   43,   40,   38,   36,   35,   33,   30,   27,   24,   22,   19,   17,   16,   14,   13,   13,   11,   11,   11,    9,    9,    9,    9
19,  1/2",   0.597,   306,  218,  179,  157,  139,  128,  111,  100,   92,   85,   82,   79,   74,   71,   63,   59,   51,   46,   41,   36,   32,   30,   27,   25,   24,   22,   22,   21,   21,   19,   19
25,  3/4",   0.820,   763,  545,  446,  388,  348,  318,  277,  249,  226,  211,  204,  198,  187,  177,  158,  146,  127,  112,  103,   90,   81,   73,   68,   63,   60,   57,   54,   52,   51,   49,   47
31,    1",   1.040,  1309,  933,  765,  663,  595,  543,  472,  423,  386,  359,  347,  336,  317,  301,  269,  247,  214,  192,  176,  152,  136,  125,  116,  108,  101,   97,   92,   89,   85,   82,   79
37, 1-1/4",  1.290,  2467, 1756, 1438, 1249, 1119, 1023,  888,  796,  728,  674,  652,  632,  597,  567,  507,  464,  402,  361,  329,  287,  256,  234,  217,  203,  192,  182,  174,  166,  160,  154,  149
46, 1-1/2",  1.525,  4023, 2834, 2308, 1997, 1783, 1626, 1406, 1256, 1145, 1059, 1023,  990,  933,  885,  790,  720,  622,  556,  507,  439,  391,  358,  331,  309,  291,  275,  263,  252,  241,  233,  225
62,    2",   2.060,  9259, 6558, 5361, 4645, 4158, 3797, 3290, 2945, 2688, 2490, 2407, 2331, 2198, 2085, 1867, 1704, 1477, 1322, 1206, 1047,  936,  855,  792,  741,  698,  663,  632,  605,  581,  560,  541
END_TABLE1


# ============================================================
# TABLE P-2 – Propane, Elevated Pressure 2 psig inlet, 1.0 psi drop
# Flows are MBTU/h of propane (SG = 1.52, 2520 BTU/scf), verbatim from the
# source sheet ("Thousands of BTU per Hour Propane Gas")
# ============================================================

[TABLE P-2]
vendor              = OmegaFlex TracPipe
gas                 = propane
table               = P-2
pressure_schedule   = propane elevated pressure 2 psig, 1.0 psi drop
P_inlet_psi         = 2.0
dP_psi              = 1.0
flow_units          = MBtu_per_h
LENGTHS = 5, 10, 15, 20, 25, 30, 40, 50, 60, 70, 75, 80, 90, 100, 125, 150, 200, 250, 300, 400, 500, 600, 700, 800, 900, 1000, 1100, 1200, 1300, 1400, 1500

TABLE1
# ehd, nom_size, id_in, [flows at each length_ft in order above]
15,  3/8",   0.440,    649,  558,  453,  389,  347,  316,  271,  243,  220,  203,  196,  189,  177,  169,  144,  137,  118,  105,   96,   84,   74,   68,   63,   60,   57,   54,   52,   49,   47,   46,   44
19,  1/2",   0.597,   1528, 1106,  898,  781,  701,  643,  559,  502,  459,  426,  412,  399,  377,  358,  321,  294,  256,  230,  211,  184,  165,  150,  139,  131,  123,  117,  112,  108,  103,  100,   97
25,  3/4",   0.820,   3847, 2745, 2253, 1959, 1757, 1607, 1398, 1254, 1146, 1064, 1029,  997,  942,  895,  803,  735,  638,  572,  524,  454,  408,  374,  347,  325,  306,  291,  277,  266,  256,  247,  239
31,    1",   1.040,   6681, 4756, 3900, 3387, 3035, 2775, 2410, 2161, 1976, 1832, 1770, 1716, 1620, 1537, 1379, 1260, 1094,  982,  898,  779,  698,  638,  592,  554,  522,  497,  473,  454,  437,  421,  407
37, 1-1/4",  1.290,  12617, 8977, 7356, 6387, 5724, 5233, 4544, 4072, 3724, 3452, 3338, 3233, 3051, 2897, 2597, 2373, 2061, 1848, 1689, 1466, 1314, 1202, 1113, 1043,  985,  934,  891,  855,  822,  792,  766
46, 1-1/2",  1.525,  21574,15198,12381,10706, 9565, 8722, 7541, 6737, 6145, 5684, 5489, 5312, 5005, 4745, 4240, 3866, 3342, 2986, 2723, 2354, 2104, 1919, 1775, 1659, 1563, 1482, 1412, 1351, 1298, 1249, 1206
62,    2",   2.060,  48362,34257,27999,24265,21715,19832,17186,15381,14047,13010,12571,12174,11480,10894, 9750, 8904, 7717, 6906, 6306, 5465, 4891, 4466, 4137, 3871, 3651, 3464, 3304, 3163, 3040, 2931, 2831
END_TABLE1


# ============================================================
# TABLE P-3 – Propane, Elevated Pressure 20 psig inlet, 10.0 psi drop
# Flows are MBTU/h of propane (SG = 1.52, 2520 BTU/scf); the source sheet
# prints integers ("Thousands of BTU per Hour Propane Gas"); the decimals
# below reproduce the exact NG-derived values (N-5 x sqrt(0.60/1.52) x 2.52)
# and agree with the printed integers to +-0.5
# ============================================================

[TABLE P-3]
vendor              = OmegaFlex TracPipe
gas                 = propane
table               = P-3
pressure_schedule   = propane elevated pressure 20 psig, 10.0 psi drop
P_inlet_psi         = 20.0
dP_psi              = 10.0
flow_units          = MBtu_per_h
LENGTHS = 5, 10, 15, 20, 25, 30, 40, 50, 60, 70, 75, 80, 90, 100, 125, 150, 200, 250, 300, 400, 500, 600, 700, 800, 900, 1000, 1100, 1200, 1300, 1400, 1500

TABLE1
# ehd, nom_size, id_in, [flows at each length_ft in order above]
15,  3/8",   0.440,   2082.0, 1516.8, 1260.3, 1105.1,  997.0,  918.0,  804.0,  727.0,  668.0,  622.0,  603.0,  586.0,  556.0,  529.0,  478.0,  440.0,  385.0,  348.0,  320.0,  280.0,  253.0,  233.0,  217.0,  204.0,  193.0,  184.0,  176.0,  169.0,  163.0,  158.0,  154.0
19,  1/2",   0.597,   4819.0, 3505.0, 2910.0, 2549.0, 2300.0, 2115.0, 1854.0, 1674.0, 1539.0, 1433.0, 1389.0, 1347.0, 1278.0, 1216.0, 1097.0, 1010.0,  885.0,  798.0,  735.0,  643.0,  581.0,  534.0,  497.0,  467.0,  443.0,  421.0,  404.0,  388.0,  374.0,  361.0,  350.0
25,  3/4",   0.820,  11383.7,  8340.7,  6952.1,  6109.8,  5527.2,  5093.4,  4475.9,  4050.0,  3731.8,  3481.6,  3375.5,  3278.9,  3111.1,  2967.0,  2683.6,  2473.1,  2173.8,  1966.4,  1811.3,  1592.8,  1440.8,  1326.8,  1238.1,  1166.9,  1106.7,  1054.5,  1011.7,   972.0,   937.0,   907.0,   879.0
31,    1",   1.040,  19206.6, 14106.9, 11777.9, 10362.5,  9382.4,  8651.0,  7610.8,  6892.0,  6355.2,  5932.5,  5753.6,  5590.5,  5305.5,  5061.7,  4583.6,  4225.7,  3717.5,  3366.0,  3104.8,  2731.1,  2473.1,  2279.9,  2127.9,  2006.0,  1903.1,  1816.0,  1740.0,  1675.1,  1616.5,  1562.7,  1516.8
37, 1-1/4",  1.290,  29445.6, 21806.4, 18291.5, 16147.8, 14659.5, 13546.4, 11958.4, 10856.5, 10031.6,  9382.4,  9107.0,  8855.2,  8415.1,  8039.8,  7298.9,  6743.1,  5953.1,  5405.3,  4993.6,  4407.8,  4002.5,  3698.5,  3459.4,  3264.7,  3101.6,  2963.9,  2843.5,  2739.1,  2645.6,  2561.7,  2485.7
46, 1-1/2",  1.525,  56267.8, 40851.5, 33874.0, 29659.4, 26754.1, 24592.9, 21532.4, 19423.5, 17854.5, 16627.5, 16106.6, 15633.2, 14805.1, 14102.2, 12720.0, 11692.4, 10237.4,  9235.2,  8489.5,  7433.4,  6705.1,  6163.7,  5739.3,  5395.8,  5110.8,  4867.0,  4658.0,  4474.3,  4311.2,  4167.2,  4035.8
62,    2",   2.060, 103428.6, 76910.4, 64673.3, 57192.4, 51989.8, 48091.8, 42528.2, 38660.2, 35762.9, 33481.4, 32509.2, 31624.2, 30072.6, 28749.0, 26133.4, 24174.9, 21377.3, 19433.0, 17976.4, 15896.0, 14450.5, 13367.5, 12514.2, 11820.7, 11239.6, 10745.6, 10316.6,  9939.8,  9605.7,  9306.4,  9035.7
END_TABLE1