# ============================================================
#  CSST Flow Capacity Data – Parker Parflex (Parflex® PGP Series)
#  Source: Parker Hannifin Parflex Division, Bulletin No. 4660-PGP2T
#          Section 7.0 Sizing Tables – Design and Installation Guide
#  Section 7.1: Natural gas tables (1–11)
#              Tables 1–8:  low pressure  (<= 0.5 psi inlet)
#              Tables 9–11: elevated pressure
#  Section 7.1: Propane tables (12–16)
#              Tables 12–13: low pressure
#              Tables 14–16: elevated pressure
#  All NG flows in CFH (cubic feet per hour)
#  All propane flows in MBtu/h (thousands of BTU per hour)
#  Specific gravity: NG = 0.60, propane = 1.52
#  Tables include losses for four 90-degree bends and two end fittings
#  Fittings allowance note: additional fittings add L = 1.3n ft equivalent length
# ============================================================
#
# PIPE HEADER FIELDS:
#   vendor       = manufacturer name
#   gas          = gas type (natural_gas or propane)
#   table        = source table number (e.g. Table 1)
#   pressure_schedule = inlet pressure and pressure drop (human-readable)
#   P_inlet_psi  = inlet gauge pressure (psi)
#   dP_inWC      = pressure drop (inches water column); low-pressure tables
#   dP_psi       = pressure drop (psi); elevated-pressure tables only
#   flow_units   = CFH or MBtu_per_h
#
# TABLE DATA:
#   Rows are tubing lengths in feet (columns of original table, transposed here to rows)
#   Each row: length_ft, flow values at each EHD for that length
#   EHDs present in each table are listed in the EHDS line
#   Flow columns correspond to EHDs in the order listed
# ============================================================
# NOTE ON EHD, PART NUMBERS, AND TUBE SIZES:
#   EHD 13 -> PGP-6,  tube size 3/8"
#   EHD 18 -> PGP-8,  tube size 1/2"
#   EHD 23 -> PGP-12, tube size 3/4"
#   EHD 31 -> PGP-16, tube size 1"
#   EHD 39 -> PGP-20, tube size 1-1/4"
#   EHD 62 -> PGP-32, tube size 2"
# ============================================================


# ============================================================
# SECTION 7.1 – NATURAL GAS, LOW PRESSURE (Tables 1–8)
# ============================================================

[TABLE 1]
vendor          = Parker Parflex
gas             = natural_gas
pressure_schedule = 0.5 psi or less inlet, 0.5 in. WC drop
P_inlet_psi     = 0.5
dP_inWC         = 0.5
flow_units      = CFH
# EHD, part_no, tube_size
# 13,  PGP-6,  3/8"
# 18,  PGP-8,  1/2"
# 23,  PGP-12, 3/4"
# 31,  PGP-16, 1"
# 39,  PGP-20, 1-1/4"
# 62,  PGP-32, 2"
EHDS = 13, 18, 23, 31, 39, 62

TABLE1
# length_ft, EHD13, EHD18, EHD23, EHD31, EHD39, EHD62
5,     49,   119,   228,   601,  1037,  3181
10,    35,    87,   163,   422,   746,  2274
15,    28,    72,   134,   343,   615,  1869
20,    25,    64,   117,   297,   536,  1626
25,    22,    57,   105,   265,   482,  1459
30,    20,    53,    96,   241,   442,  1336
40,    17,    47,    84,   208,   386,  1162
50,    16,    42,    75,   186,   347,  1043
60,    14,    39,    69,   169,   318,   955
70,    13,    36,    64,   157,   295,   886
80,    12,    34,    60,   146,   277,   831
90,    12,    32,    57,   138,   262,   785
100,   11,    31,    54,   130,   249,   746
125,   10,    28,    49,   116,   224,   669
150,    9,    26,    44,   106,   205,   613
200,    8,    23,    39,    92,   179,   533
250,    7,    20,    35,    82,   161,   479
300,    6,    19,    32,    75,   148,   438
350,    6,    18,    30,    69,   137,   407
400,    5,    17,    28,    64,   129,   381
450,    5,    16,    26,    61,   122,   360
500,    4,    15,    25,    57,   116,   342
END_TABLE1


[TABLE 2]
vendor          = Parker Parflex
gas             = natural_gas
pressure_schedule = 0.5 psi or less inlet, 1.0 in. WC drop
P_inlet_psi     = 0.5
dP_inWC         = 1.0
flow_units      = CFH
EHDS = 13, 18, 23, 31, 39, 62

TABLE1
# length_ft, EHD13, EHD18, EHD23, EHD31, EHD39, EHD62
5,     66,   162,   326,   860,  1442,  4449
10,    48,   117,   233,   604,  1037,  3181
15,    40,    97,   191,   491,   885,  2614
20,    35,    85,   166,   424,   746,  2274
25,    32,    77,   149,   379,   671,  2041
30,    29,    71,   137,   345,   615,  1869
40,    26,    63,   119,   298,   536,  1626
50,    24,    58,   107,   266,   482,  1459
60,    22,    53,    98,   242,   442,  1336
70,    20,    50,    91,   224,   411,  1240
80,    19,    48,    85,   209,   386,  1162
90,    18,    46,    80,   197,   364,  1098
100,   17,    44,    76,   187,   347,  1043
125,   16,    40,    68,   167,   312,   936
150,   15,    38,    63,   152,   286,   857
200,   13,    34,    54,   131,   249,   746
250,   12,    32,    49,   117,   224,   669
300,   11,    30,    45,   107,   205,   613
350,   11,    29,    41,    99,   191,   569
400,   10,    27,    39,    92,   179,   533
450,   10,    27,    37,    87,   169,   504
500,    9,    26,    35,    82,   161,   479
END_TABLE1


[TABLE 3]
vendor          = Parker Parflex
gas             = natural_gas
pressure_schedule = 0.5 psi or less inlet, 1.5 in. WC drop
P_inlet_psi     = 0.5
dP_inWC         = 1.5
flow_units      = CFH
EHDS = 13, 18, 23, 31, 39, 62

TABLE1
# length_ft, EHD13, EHD18, EHD23, EHD31, EHD39, EHD62
5,     86,   205,   424,  1119,  1749,  5413
10,    61,   147,   303,   786,  1258,  3870
15,    52,   122,   248,   639,  1037,  3181
20,    45,   106,   215,   551,   904,  2767
25,    42,    97,   193,   493,   813,  2484
30,    38,    89,   178,   449,   746,  2274
40,    34,    79,   154,   388,   650,  1978
50,    30,    74,   139,   346,   585,  1776
60,    28,    67,   127,   315,   536,  1626
70,    26,    64,   118,   291,   498,  1509
80,    24,    62,   110,   272,   468,  1414
90,    23,    57,   103,   256,   442,  1336
100,   22,    57,    98,   244,   420,  1270
125,   20,    52,    90,   218,   378,  1140
150,   18,    50,    82,   198,   347,  1043
200,   16,    45,    69,   170,   302,   908
250,   14,    44,    63,   152,   272,   815
300,   13,    41,    58,   139,   249,   746
350,   12,    40,    52,   129,   232,   692
400,   11,    37,    50,   120,   217,   649
450,   11,    37,    48,   113,   205,   613
500,   10,    36,    45,   107,   195,   582
END_TABLE1


[TABLE 4]
vendor          = Parker Parflex
gas             = natural_gas
pressure_schedule = 0.5 psi or less inlet, 2.0 in. WC drop
P_inlet_psi     = 0.5
dP_inWC         = 2.0
flow_units      = CFH
EHDS = 13, 18, 23, 31, 39, 62

TABLE1
# length_ft, EHD13, EHD18, EHD23, EHD31, EHD39, EHD62
5,    101,   234,   449,  1246,  2006,  6222
10,    71,   172,   339,   873,  1442,  4449
15,    60,   143,   279,   708,  1189,  3656
20,    51,   123,   242,   610,  1037,  3181
25,    47,   110,   217,   545,   933,  2855
30,    43,   101,   200,   496,   855,  2614
40,    38,    90,   173,   428,   746,  2274
50,    33,    82,   156,   382,   671,  2041
60,    31,    75,   143,   347,   615,  1869
70,    28,    70,   133,   321,   571,  1734
80,    26,    65,   124,   300,   536,  1626
90,    25,    62,   117,   282,   507,  1536
100,   24,    59,   111,   268,   482,  1459
125,   22,    53,   101,   239,   434,  1310
150,   20,    49,    92,   217,   398,  1199
200,   17,    43,    79,   187,   347,  1043
250,   15,    38,    71,   167,   312,   936
300,   14,    36,    66,   152,   286,   857
350,   13,    34,    60,   141,   266,   796
400,   12,    31,    57,   131,   249,   746
450,   12,    29,    54,   123,   236,   704
500,   11,    28,    51,   117,   224,   669
END_TABLE1


[TABLE 5]
vendor          = Parker Parflex
gas             = natural_gas
pressure_schedule = 0.5 psi or less inlet, 3.0 in. WC drop
P_inlet_psi     = 0.5
dP_inWC         = 3.0
flow_units      = CFH
EHDS = 13, 18, 23, 31, 39, 62

TABLE1
# length_ft, EHD13, EHD18, EHD23, EHD31, EHD39, EHD62
5,    132,   308,   500,  1500,  2432,  7571
10,    92,   219,   412,  1046,  1749,  5413
15,    75,   179,   340,   847,  1442,  4449
20,    64,   155,   296,   729,  1258,  3870
25,    57,   139,   266,   649,  1131,  3453
30,    52,   127,   244,   591,  1037,  3181
40,    45,   110,   212,   509,   904,  2767
50,    40,    99,   191,   453,   813,  2484
60,    36,    90,   175,   412,   746,  2274
70,    33,    84,   162,   380,   693,  2111
80,    31,    78,   152,   355,   650,  1978
90,    29,    74,   144,   334,   615,  1869
100,   28,    70,   137,   316,   585,  1776
125,   25,    63,   123,   281,   526,  1594
150,   23,    57,   113,   256,   482,  1459
200,   19,    50,    98,   220,   420,  1270
250,   17,    45,    88,   196,   378,  1140
300,   16,    41,    81,   178,   347,  1043
350,   14,    39,    75,   165,   322,   968
400,   14,    35,    70,   154,   302,   908
450,   13,    33,    67,   144,   286,   857
500,   13,    32,    63,   137,   272,   815
END_TABLE1


[TABLE 6]
vendor          = Parker Parflex
gas             = natural_gas
pressure_schedule = 0.5 psi or less inlet, 4.0 in. WC drop
P_inlet_psi     = 0.5
dP_inWC         = 4.0
flow_units      = CFH
# Note: Tables 5 and 6 do not include effects of pressure drop across the line regulator.
# If regulator pressure drop exceeds 22" WC across 325-3 or 325-5A regulators, DO NOT USE.
EHDS = 13, 18, 23, 31, 39, 62

TABLE1
# length_ft, EHD13, EHD18, EHD23, EHD31, EHD39, EHD62
5,    148,   345,   601,  1714,  2789,  8702
10,   103,   246,   465,  1199,  2006,  6222
15,    84,   201,   383,   972,  1654,  5113
20,    72,   175,   333,   838,  1442,  4449
25,    64,   157,   299,   747,  1279,  3993
30,    58,   143,   273,   680,  1189,  3656
40,    50,   124,   238,   586,  1037,  3181
50,    44,   112,   214,   523,   933,  2855
60,    40,   102,   195,   476,   855,  2614
70,    37,    95,   181,   439,   795,  2426
80,    35,    88,   170,   410,   746,  2274
90,    32,    84,   161,   386,   705,  2148
100,   31,    79,   153,   366,   671,  2041
125,   28,    71,   137,   326,   603,  1832
150,   25,    65,   126,   297,   553,  1677
200,   21,    57,   109,   255,   482,  1459
250,   19,    51,    98,   228,   434,  1310
300,   18,    46,    90,   207,   398,  1199
350,   16,    44,    83,   192,   369,  1113
400,   15,    40,    78,   179,   347,  1043
450,   14,    38,    74,   168,   328,   985
500,   13,    36,    70,   159,   312,   936
END_TABLE1


[TABLE 7]
vendor          = Parker Parflex
gas             = natural_gas
pressure_schedule = 0.5 psi or less inlet, 5.0 in. WC drop
P_inlet_psi     = 0.5
dP_inWC         = 5.0
flow_units      = CFH
# Note: Tables 6 and 7 do not include effects of pressure drop across the line regulator.
# If regulator pressure drop exceeds 22" WC across 325-3 or 325-5A regulators, DO NOT USE.
EHDS = 13, 18, 23, 31, 39, 62

TABLE1
# length_ft, EHD13, EHD18, EHD23, EHD31, EHD39, EHD62
5,    165,   383,   702,  1927,  3101,  9694
10,   114,   272,   518,  1351,  2230,  6931
15,    92,   224,   425,  1098,  1839,  5696
20,    79,   194,   369,   947,  1604,  4956
25,    70,   174,   331,   844,  1442,  4449
30,    64,   159,   303,   770,  1322,  4073
40,    55,   138,   263,   664,  1153,  3543
50,    49,   124,   236,   592,  1037,  3181
60,    44,   113,   216,   539,   951,  2912
70,    41,   105,   200,   498,   884,  2703
80,    38,    99,   187,   466,   829,  2533
90,    36,    93,   177,   438,   784,  2393
100,   34,    89,   168,   415,   746,  2274
125,   30,    79,   151,   370,   671,  2041
150,   28,    72,   138,   337,   615,  1869
200,   24,    63,   120,   291,   536,  1626
250,   21,    56,   107,   259,   482,  1459
300,   19,    52,    98,   236,   442,  1336
350,   17,    48,    91,   218,   411,  1240
400,   17,    45,    85,   204,   386,  1162
450,   16,    42,    81,   192,   364,  1098
500,   15,    41,    76,   182,   347,  1043
END_TABLE1


[TABLE 8]
vendor          = Parker Parflex
gas             = natural_gas
pressure_schedule = 0.5 psi or less inlet, 6.0 in. WC drop
P_inlet_psi     = 0.5
dP_inWC         = 6.0
flow_units      = CFH
EHDS = 13, 18, 23, 31, 39, 62

TABLE1
# length_ft, EHD13, EHD18, EHD23, EHD31, EHD39, EHD62
5,    181,   420,   803,  2141,  3382, 10589
10,   125,   299,   571,  1504,  2432,  7571
15,   101,   246,   468,  1223,  2006,  6222
20,    87,   214,   406,  1056,  1749,  5413
25,    77,   192,   364,   942,  1573,  4859
30,    70,   175,   332,   859,  1442,  4449
40,    60,   152,   289,   741,  1258,  3870
50,    53,   137,   259,   662,  1131,  3474
60,    48,   125,   236,   603,  1037,  3181
70,    45,   116,   219,   557,   964,  2952
80,    42,   109,   205,   521,   904,  2767
90,    39,   103,   194,   490,   855,  2614
100,   37,    98,   184,   465,   813,  2484
125,   33,    87,   165,   415,   731,  2230
150,   30,    80,   151,   378,   671,  2041
200,   26,    70,   131,   326,   585,  1776
250,   23,    62,   117,   291,   526,  1594
300,   21,    57,   107,   265,   482,  1459
350,   19,    53,    99,   245,   448,  1354
400,   18,    50,    93,   229,   420,  1270
450,   17,    47,    88,   216,   398,  1199
500,   16,    45,    83,   204,   378,  1140
END_TABLE1


# ============================================================
# SECTION 7.1 – NATURAL GAS, ELEVATED PRESSURE (Tables 9–11)
# ============================================================

[TABLE 9]
vendor          = Parker Parflex
gas             = natural_gas
pressure_schedule = 2.0 psig inlet, 1.0 psig drop
P_inlet_psi     = 2.0
dP_psi          = 1.0
flow_units      = CFH
# Note: Table 8 does include the effects of pressure drop across the line regulator.
# If regulator pressure drop exceeds 1 psig across 325-3 or 325-5A regulators, DO NOT USE.
EHDS = 13, 18, 23, 31, 39, 62

TABLE1
# length_ft, EHD13, EHD18, EHD23, EHD31, EHD39, EHD62
5,    389,   791,  1468,  4253,  7004, 22212
10,   270,   568,  1063,  2980,  5037, 15882
15,   218,   468,   881,  2421,  4154, 13052
20,   187,   408,   770,  2088,  3623, 11356
25,   166,   366,   695,  1863,  3258, 10193
30,   151,   336,   638,  1696,  2987,  9332
40,   129,   293,   558,  1464,  2605,  8119
50,   115,   263,   503,  1305,  2343,  7288
60,   104,   241,   462,  1189,  2148,  6672
70,    96,   224,   430,  1098,  1932,  5989
80,    90,   210,   404,  1026,  1874,  5805
90,    84,   198,   383,   965,  1771,  5484
100,   80,   189,   365,   915,  1685,  5211
125,   71,   170,   329,   816,  1515,  4677
150,   64,   155,   302,   743,  1389,  4282
200,   55,   135,   264,   641,  1212,  3726
250,   49,   122,   238,   572,  1090,  3344
300,   45,   112,   219,   521,   999,  3062
350,   41,   104,   204,   481,   928,  2842
400,   38,    97,   191,   449,   871,  2664
450,   36,    92,   181,   423,   824,  2516
500,   34,    87,   172,   401,   783,  2391
END_TABLE1


[TABLE 10]
vendor          = Parker Parflex
gas             = natural_gas
pressure_schedule = 2.0 psig inlet, 1.5 psig drop
P_inlet_psi     = 2.0
dP_psi          = 1.5
flow_units      = CFH
EHDS = 13, 18, 23, 31, 39, 62

TABLE1
# length_ft, EHD13, EHD18, EHD23, EHD31, EHD39, EHD62
5,    483,  1005,  1853,  5326,  8494, 27028
10,   334,   715,  1331,  3766,  6109, 19325
15,   269,   586,  1097,  3075,  5037, 15882
20,   231,   509,   956,  2663,  4393, 13818
25,   205,   456,   860,  2382,  3951, 12403
30,   186,   417,   788,  2174,  3623, 11356
40,   160,   362,   687,  1883,  3159,  9880
50,   142,   325,   618,  1684,  2841,  8868
60,   129,   297,   566,  1537,  2605,  8119
70,   119,   275,   526,  1423,  2343,  7288
80,   111,   257,   494,  1331,  2272,  7064
90,   104,   243,   467,  1255,  2148,  6672
100,   98,   231,   444,  1191,  2043,  6341
125,   87,   207,   399,  1065,  1838,  5692
150,   79,   189,   366,   972,  1685,  5211
200,   68,   164,   319,   842,  1469,  4534
250,   60,   147,   287,   753,  1321,  4069
300,   55,   135,   263,   688,  1212,  3726
350,   51,   125,   244,   637,  1126,  3458
400,   47,   117,   229,   595,  1057,  3241
450,   44,   110,   217,   561,   999,  3062
500,   42,   105,   206,   533,   950,  2910
END_TABLE1


[TABLE 11]
vendor          = Parker Parflex
gas             = natural_gas
pressure_schedule = 5.0 psig inlet, 3.5 psig drop
P_inlet_psi     = 5.0
dP_psi          = 3.5
flow_units      = CFH
EHDS = 13, 18, 23, 31, 39, 62

TABLE1
# length_ft, EHD13, EHD18, EHD23, EHD31, EHD39, EHD62
5,    756,  1540,  2817,  8755, 12709, 40729
10,   524,  1102,  2034,  6143,  9140, 29122
15,   423,   907,  1681,  4993,  7537, 23933
20,   363,   789,  1469,  4310,  6573, 20822
25,   323,   709,  1322,  3846,  5911, 18691
30,   293,   649,  1214,  3504,  5420, 17112
40,   252,   565,  1060,  3024,  4727, 14888
50,   224,   507,   955,  2698,  4251, 13364
60,   203,   465,   876,  2458,  3898, 12235
70,   187,   431,   815,  2272,  3623, 11356
80,   174,   405,   765,  2122,  3400, 10645
90,   164,   382,   724,  1998,  3215, 10055
100,  155,   363,   689,  1893,  3057,  9555
125,  138,   326,   621,  1689,  2750,  8577
150,  125,   299,   570,  1539,  2521,  7853
200,  107,   260,   498,  1329,  2199,  6832
250,   96,   234,   448,  1185,  1977,  6133
300,   87,   214,   411,  1080,  1813,  5615
350,   80,   199,   383,   996,  1685,  5211
400,   74,   186,   359,   932,  1581,  4885
450,   70,   176,   340,   878,  1495,  4614
500,   66,   167,   323,   832,  1422,  4385
END_TABLE1


# ============================================================
# SECTION 7.1 – PROPANE, LOW PRESSURE (Tables 12–13)
# ============================================================

[TABLE 12]
vendor          = Parker Parflex
gas             = propane
pressure_schedule = 11.0 in. WC inlet, 0.5 in. WC drop
P_inlet_psi     = 0.397
dP_inWC         = 0.5
flow_units      = MBtu_per_h
# Note: Table 12 does not include effects of pressure drop across the line regulator.
# If regulator pressure drop exceeds 17" WC across 325-3 or 325-5A regulators, DO NOT USE.
EHDS = 13, 18, 23, 31, 39, 62

TABLE1
# length_ft, EHD13, EHD18, EHD23, EHD31, EHD39, EHD62
5,     82,   197,   378,   996,  1651,  5065
10,    58,   144,   271,   701,  1188,  3612
15,    47,   120,   223,   570,   979,  2976
20,    41,   106,   194,   492,   854,  2589
25,    37,    95,   174,   439,   768,  2323
30,    33,    88,   160,   400,   704,  2127
40,    29,    77,   139,   346,   615,  1850
50,    26,    70,   125,   308,   553,  1661
60,    24,    64,   115,   281,   506,  1521
70,    22,    60,   106,   260,   470,  1411
80,    20,    57,   100,   243,   441,  1323
90,    19,    54,    94,   229,   417,  1250
100,   18,    51,    90,   217,   397,  1188
125,   16,    46,    81,   193,   357,  1065
150,   15,    43,    74,   176,   326,   976
200,   13,    37,    64,   152,   285,   849
250,   12,    34,    58,   136,   256,   763
300,   11,    31,    53,   124,   236,   697
350,   10,    29,    49,   114,   218,   648
400,    9,    27,    46,   107,   205,   607
450,    9,    26,    44,   101,   194,   573
500,    8,    25,    41,    95,   185,   545
END_TABLE1


[TABLE 13]
vendor          = Parker Parflex
gas             = propane
pressure_schedule = 13.0-14.0 in. WC (0.5 psig) inlet, 2.5 in. WC drop
P_inlet_psi     = 0.5
dP_inWC         = 2.5
flow_units      = MBtu_per_h
# Note: Tables 13 and 14 do not include effects of pressure drop across the line regulator.
# If regulator pressure drop exceeds 1 psig across 325-3 or 325-5A regulators, DO NOT USE.
EHDS = 13, 18, 23, 31, 39, 62

TABLE1
# length_ft, EHD13, EHD18, EHD23, EHD31, EHD39, EHD62
5,    167,   430,   843,  2292,  3551, 11037
10,   121,   311,   602,  1636,  2518,  7892
15,   101,   257,   495,  1340,  2076,  6486
20,    88,   225,   430,  1161,  1810,  5642
25,    80,   202,   386,  1038,  1628,  5065
30,    74,   186,   353,   947,  1493,  4637
40,    65,   162,   307,   817,  1302,  4033
50,    58,   146,   276,   728,  1171,  3621
60,    54,   134,   253,   662,  1074,  3315
70,    50,   125,   234,   610,   997,  3076
80,    47,   117,   220,   568,   936,  2884
90,    45,   111,   207,   533,   885,  2725
100,   43,   106,   197,   503,   842,  2589
125,   39,    95,   177,   445,   757,  2323
150,   36,    88,   162,   402,   694,  2127
200,   32,    77,   141,   341,   606,  1850
250,   29,    69,   126,   299,   545,  1661
300,   27,    63,   116,   267,   499,  1521
350,   25,    59,   107,   243,   463,  1411
400,   24,    55,   101,   223,   435,  1323
450,   23,    52,    95,   207,   411,  1250
500,   22,    50,    90,   193,   391,  1188
END_TABLE1


# ============================================================
# SECTION 7.1 – PROPANE, ELEVATED PRESSURE (Tables 14–16)
# ============================================================

[TABLE 14]
vendor          = Parker Parflex
gas             = propane
pressure_schedule = 2.0 psig inlet, 1.0 psig drop
P_inlet_psi     = 2.0
dP_psi          = 1.0
flow_units      = MBtu_per_h
EHDS = 13, 18, 23, 31, 39, 62

TABLE1
# length_ft, EHD13, EHD18, EHD23, EHD31, EHD39, EHD62
5,    646,  1313,  2437,  7060, 11153, 35370
10,   448,   943,  1765,  4947,  8021, 25290
15,   361,   776,  1462,  4018,  6615, 20784
20,   310,   677,  1279,  3467,  5769, 18083
25,   276,   608,  1153,  3092,  5188, 16231
30,   250,   557,  1059,  2816,  4756, 14860
40,   215,   486,   927,  2429,  4148, 12928
50,   191,   436,   835,  2167,  3731, 11605
60,   173,   400,   767,  1973,  3420, 11624
70,   160,   372,   714,  1823,  3076,  9537
80,   149,   349,   671,  1702,  2984,  9244
90,   140,   329,   635,  1603,  2820,  8733
100,  132,   313,   605,  1518,  2683,  8298
125,  118,   282,   545,  1354,  2412,  7448
150,  107,   258,   501,  1233,  2212,  6819
200,   92,   225,   438,  1064,  1930,  5933
250,   82,   202,   395,   949,  1736,  5325
300,   74,   185,   363,   864,  1591,  4876
350,   68,   172,   338,   798,  1478,  4526
400,   64,   161,   318,   746,  1387,  4242
450,   60,   153,   301,   702,  1312,  4006
500,   57,   145,   286,   665,  1247,  3807
END_TABLE1


[TABLE 15]
vendor          = Parker Parflex
gas             = propane
pressure_schedule = 2.0 psig inlet, 1.5 psig drop
P_inlet_psi     = 2.0
dP_psi          = 1.5
flow_units      = MBtu_per_h
EHDS = 13, 18, 23, 31, 39, 62

TABLE1
# length_ft, EHD13, EHD18, EHD23, EHD31, EHD39, EHD62
5,    763,  1588,  2927,  8267, 13526, 43039
10,   528,  1130,  2104,  5799,  9728, 30773
15,   426,   926,  1733,  4716,  8021, 25290
20,   365,   804,  1511,  4071,  6995, 22003
25,   324,   720,  1359,  3631,  6291, 19750
30,   294,   659,  1247,  3303,  5769, 18083
40,   253,   572,  1086,  2854,  5030, 15733
50,   224,   513,   977,  2548,  4524, 14121
60,   204,   469,   895,  2322,  4148, 12928
70,   188,   435,   831,  2146,  3731, 11605
80,   175,   406,   779,  2001,  3618, 11249
90,   164,   384,   737,  1888,  3420, 10624
100,  150,   365,   701,  1787,  3253, 10097
125,  138,   327,   630,  1596,  2927,  9064
150,  124,   298,   578,  1454,  2683,  8298
200,  107,   259,   504,  1255,  2339,  7220
250,   94,   232,   453,  1119,  2104,  6479
300,   87,   213,   415,  1019,  1930,  5933
350,   80,   197,   386,   943,  1793,  5506
400,   74,   185,   362,   880,  1683,  5161
450,   70,   174,   342,   829,  1591,  4876
500,   66,   166,   325,   784,  1513,  4634
END_TABLE1


[TABLE 16]
vendor          = Parker Parflex
gas             = propane
pressure_schedule = 5.0 psig inlet, 3.5 psig drop
P_inlet_psi     = 5.0
dP_psi          = 3.5
flow_units      = MBtu_per_h
EHDS = 13, 18, 23, 31, 39, 62

TABLE1
# length_ft, EHD13, EHD18, EHD23, EHD31, EHD39, EHD62
5,   1188,  2417,  4423, 13745, 20237, 64856
10,   826,  1731,  3193,  9644, 14554, 46373
15,   664,  1423,  2639,  7839, 12002, 38110
20,   570,  1239,  2306,  6767, 10467, 33156
25,   509,  1113,  2076,  6038,  9413, 29763
30,   461,  1019,  1906,  5501,  8631, 27249
40,   396,   887,  1665,  4748,  7527, 23707
50,   352,   797,  1499,  4237,  6769, 21280
60,   319,   730,  1376,  3860,  6207, 19483
70,   294,   677,  1280,  3567,  5769, 18083
80,   275,   635,  1202,  3332,  5414, 16951
90,   257,   600,  1137,  3137,  5119, 16011
100,  243,   570,  1082,  2973,  4868, 15215
125,  216,   512,   974,  2652,  4379, 13658
150,  196,   469,   894,  2416,  4014, 12505
200,  169,   408,   781,  2086,  3502, 10879
250,  150,   367,   703,  1861,  3148,  9766
300,  136,   336,   646,  1695,  2887,  8941
350,  125,   312,   601,  1567,  2683,  8298
400,  117,   292,   564,  1464,  2518,  7779
450,  110,   276,   534,  1378,  2381,  7347
500,  104,   263,   508,  1306,  2264,  6983
END_TABLE1