# ============================================================
#  CSST Flow Capacity Data – Gastite / FlashShield+
#  Source: Gastite Design Installation Guide, Section 7, January 2020
#  Section 7.1: Natural gas tables (7-1 to 7-8, low pressure; 7-9 to 7-12, elevated pressure)
#  Section 7.3: Propane tables (7-13 to 7-17, low pressure; 7-18 to 7-20, elevated pressure)
#  All NG flows in CFH (cubic feet per hour)
#  All propane flows in MBtu/h (thousands of BTU per hour)
#  Specific gravity: NG = 0.60, propane = 1.52
#  Tables include losses for four 90-degree bends and two end fittings
#  Fittings allowance note: additional fittings add L = 1.3n ft equivalent length
# ============================================================
#
# PIPE HEADER FIELDS:
#   vendor       = manufacturer name
#   gas          = gas type (natural_gas or propane)
#   table        = source table number (e.g. 7-1)
#   ehd          = Equivalent Hydraulic Diameter (dimensionless CSA index)
#   nom_id_in    = nominal inside diameter (inches), from Section 9 dimensional data
#   id_in        = actual inside nominal diameter (inches), from Section 9
#   od_in        = outside diameter without jacket (inches), from Section 9
#   wall_in      = wall thickness (inches), from Section 9
#   gastite_pn   = Gastite part number (S93-xxxx)
#   flashshield_pn = FlashShield+ part number (FSP-xx), or -- if not available
#   pressure_schedule = inlet pressure and pressure drop (human-readable)
#   P_inlet_psi  = inlet gauge pressure (psi)
#   dP_inWC      = pressure drop (inches water column); use dP_psi if high pressure
#   dP_psi       = pressure drop (psi); only for elevated-pressure tables
#   flow_units   = CFH or MBtu_per_h
#
# TABLE DATA:
#   Rows are lengths in feet (columns of original table, transposed here to rows)
#   Each row: length_ft, flow values at each EHD for that length
#   EHDs present in each table are listed in the EHDS line
#   Flow columns correspond to EHDs in the order listed
# ============================================================
# NOTE ON DIMENSIONS (from Section 9, Table 9-1):
#   EHD 13  -> nom_id=3/8"  id=0.39" od=0.51" wall=0.010" gastite=S93-6A4   flashshield=--
#   EHD 19  -> nom_id=1/2"  id=0.58" od=0.72" wall=0.010" gastite=S93-8A4   flashshield=FSP-8
#   EHD 23  -> nom_id=3/4"  id=0.75" od=0.92" wall=0.010" gastite=S93-11B4  flashshield=FSP-11
#   EHD 31  -> nom_id=1"    id=1.04" od=1.26" wall=0.010" gastite=S93-16A4  flashshield=FSP-16
#   EHD 37  -> nom_id=1-1/4" id=1.25" od=1.50" wall=0.011" gastite=S93-20A4 flashshield=FSP-20
#   EHD 48  -> nom_id=1-1/2" id=1.48" od=1.75" wall=0.011" gastite=S93-24A4 flashshield=FSP-24
#   EHD 60  -> nom_id=2"    id=1.98" od=2.32" wall=0.012" gastite=S93-32A4  flashshield=FSP-32
# ============================================================


# ============================================================
# SECTION 7.1 – NATURAL GAS, LOW PRESSURE (Tables 7-1 to 7-8)
# ============================================================

[TABLE 7-1]
vendor          = Gastite / FlashShield+
gas             = natural_gas
pressure_schedule = 0.5 PSI or less inlet, 0.5 inWC drop
P_inlet_psi     = 0.5
dP_inWC         = 0.5
flow_units      = CFH
# EHD, nom_id, id_in, od_in, wall_in
# 13,  3/8",  0.39,  0.51,  0.010
# 19,  1/2",  0.58,  0.72,  0.010
# 23,  3/4",  0.75,  0.92,  0.010
# 31,  1",    1.04,  1.26,  0.010
# 37,  1-1/4", 1.25, 1.50, 0.011
# 48,  1-1/2", 1.48, 1.75, 0.011
# 60,  2",    1.98,  2.32,  0.012
EHDS = 13, 19, 23, 31, 37, 48, 60

TABLE1
# length_ft, EHD13, EHD19, EHD23, EHD31, EHD37, EHD48, EHD60
5,    47,   131,   251,   578,   871,  1834,  3874
10,   32,    93,   183,   415,   620,  1304,  2711
15,   26,    76,   152,   341,   508,  1068,  2199
20,   22,    66,   133,   297,   441,   926,  1896
25,   20,    59,   120,   267,   396,   830,  1690
30,   18,    54,   110,   244,   362,   759,  1539
40,   15,    47,    97,   213,   314,   658,  1327
50,   14,    42,    87,   191,   282,   590,  1183
60,   13,    38,    80,   175,   258,   539,  1077
70,   12,    36,    75,   163,   239,   500,   994
80,   11,    33,    70,   153,   224,   468,   928
90,   10,    32,    67,   144,   211,   442,   874
100,  10,    30,    63,   137,   201,   419,   827
125,   8,    27,    57,   123,   180,   376,   737
150,   8,    24,    53,   113,   164,   343,   671
200,   7,    21,    46,    98,   143,   298,   579
250,   6,    19,    42,    88,   128,   267,   516
300,   5,    17,    38,    81,   117,   244,   470
400,   5,    15,    34,    70,   102,   212,   405
500,   4,    14,    30,    63,    91,   190,   361
600,   4,    12,    28,    58,    83,   173,   329
700,   3,    11,    26,    54,    77,   161,   304
800,   3,    11,    24,    50,    72,   150,   283
900,   3,    10,    23,    48,    68,   142,   267
1000,  3,    10,    22,    45,    65,   135,   253
1100,  3,     9,    21,    43,    62,   129,   240
1200,  3,     9,    20,    42,    59,   123,   230
1300,  2,     8,    20,    40,    57,   118,   221
1400,  2,     8,    19,    39,    55,   114,   212
1500,  2,     8,    18,    37,    53,   110,   205
END_TABLE1


[TABLE 7-2]
vendor          = Gastite / FlashShield+
gas             = natural_gas
pressure_schedule = 0.5 PSI or less inlet, 1.0 inWC drop
P_inlet_psi     = 0.5
dP_inWC         = 1.0
flow_units      = CFH
EHDS = 13, 19, 23, 31, 37, 48, 60

TABLE1
# length_ft, EHD13, EHD19, EHD23, EHD31, EHD37, EHD48, EHD60
5,    67,   185,   345,   807,  1224,  2581,  5538
10,   47,   131,   251,   578,   871,  1834,  3874
15,   38,   107,   209,   476,   714,  1502,  3144
20,   32,    93,   183,   415,   620,  1304,  2711
25,   29,    83,   165,   372,   556,  1168,  2416
30,   26,    76,   152,   341,   508,  1068,  2199
40,   22,    66,   133,   297,   441,   926,  1896
50,   20,    59,   120,   267,   396,   830,  1690
60,   18,    54,   110,   244,   362,   759,  1539
70,   17,    50,   103,   227,   336,   703,  1421
80,   15,    47,    97,   213,   314,   658,  1327
90,   15,    44,    92,   201,   297,   621,  1249
100,  14,    42,    87,   191,   282,   590,  1183
125,  12,    38,    79,   172,   253,   528,  1054
150,  11,    34,    72,   157,   231,   483,   960
200,  10,    30,    63,   137,   201,   419,   827
250,   8,    27,    57,   123,   180,   376,   737
300,   8,    24,    53,   113,   164,   343,   671
400,   7,    21,    46,    98,   143,   298,   579
500,   6,    19,    42,    88,   128,   267,   516
600,   5,    17,    38,    81,   117,   244,   470
700,   5,    16,    36,    75,   109,   226,   434
800,   5,    15,    34,    70,   102,   212,   405
900,   4,    14,    32,    67,    96,   200,   381
1000,  4,    14,    30,    63,    91,   190,   361
1100,  4,    13,    29,    60,    87,   181,   344
1200,  4,    12,    28,    58,    83,   173,   329
1300,  4,    12,    27,    56,    80,   167,   315
1400,  3,    11,    26,    54,    77,   161,   304
1500,  3,    11,    25,    52,    75,   155,   293
END_TABLE1


[TABLE 7-3]
vendor          = Gastite / FlashShield+
gas             = natural_gas
pressure_schedule = 0.5 PSI or less inlet, 1.5 inWC drop
P_inlet_psi     = 0.5
dP_inWC         = 1.5
flow_units      = CFH
EHDS = 13, 19, 23, 31, 37, 48, 60

TABLE1
# length_ft, EHD13, EHD19, EHD23, EHD31, EHD37, EHD48, EHD60
5,    83,   226,   416,   981,  1493,  3152,  6825
10,   58,   160,   303,   703,  1063,  2240,  4775
15,   47,   131,   251,   578,   871,  1834,  3874
20,   40,   114,   220,   504,   757,  1592,  3340
25,   36,   102,   199,   452,   678,  1426,  2978
30,   32,    93,   183,   415,   620,  1304,  2711
40,   28,    81,   160,   361,   539,  1131,  2337
50,   25,    72,   145,   324,   483,  1014,  2083
60,   22,    66,   133,   297,   441,   926,  1896
70,   21,    61,   124,   276,   409,   859,  1752
80,   19,    57,   116,   259,   383,   804,  1635
90,   18,    54,   110,   244,   362,   759,  1539
100,  17,    51,   105,   232,   344,   720,  1457
125,  15,    46,    95,   209,   308,   645,  1299
150,  14,    42,    87,   191,   282,   590,  1183
200,  12,    37,    76,   167,   245,   512,  1020
250,  11,    33,    69,   150,   219,   459,   909
300,  10,    30,    63,   137,   201,   419,   827
400,   8,    26,    56,   119,   174,   364,   713
500,   7,    23,    50,   107,   156,   326,   636
600,   7,    21,    46,    98,   143,   298,   579
700,   6,    20,    43,    91,   132,   276,   535
800,   6,    18,    40,    86,   124,   259,   499
900,   5,    17,    38,    81,   117,   244,   470
1000,  5,    17,    37,    77,   111,   232,   445
1100,  5,    16,    35,    73,   106,   221,   424
1200,  5,    15,    34,    70,   102,   212,   405
1300,  4,    15,    32,    68,    98,   204,   389
1400,  4,    14,    31,    65,    94,   196,   374
1500,  4,    14,    30,    63,    91,   190,   361
END_TABLE1


[TABLE 7-4]
vendor          = Gastite / FlashShield+
gas             = natural_gas
pressure_schedule = 0.5 PSI or less inlet, 2.0 inWC drop
P_inlet_psi     = 0.5
dP_inWC         = 2.0
flow_units      = CFH
EHDS = 13, 19, 23, 31, 37, 48, 60

TABLE1
# length_ft, EHD13, EHD19, EHD23, EHD31, EHD37, EHD48, EHD60
5,    97,   260,   475,  1126,  1719,  3632,  7915
10,   67,   185,   345,   807,  1224,  2581,  5538
15,   54,   151,   287,   664,  1003,  2114,  4493
20,   47,   131,   251,   578,   871,  1834,  3874
25,   41,   118,   227,   520,   781,  1643,  3453
30,   38,   107,   209,   476,   714,  1502,  3144
40,   32,    93,   183,   415,   620,  1304,  2711
50,   29,    83,   165,   372,   556,  1168,  2416
60,   26,    76,   152,   341,   508,  1068,  2199
70,   24,    71,   141,   317,   471,   989,  2031
80,   22,    66,   133,   297,   441,   926,  1896
90,   21,    62,   126,   281,   417,   874,  1785
100,  20,    59,   120,   267,   396,   830,  1690
125,  18,    53,   108,   240,   355,   744,  1507
150,  16,    49,   100,   220,   324,   680,  1372
200,  14,    42,    87,   191,   282,   590,  1183
250,  12,    38,    79,   172,   253,   528,  1054
300,  11,    34,    72,   157,   231,   483,   960
400,  10,    30,    63,   137,   201,   419,   827
500,   8,    27,    57,   123,   180,   376,   737
600,   8,    24,    53,   113,   164,   343,   671
700,   7,    23,    49,   105,   152,   318,   620
800,   7,    21,    46,    98,   143,   298,   579
900,   6,    20,    44,    93,   135,   281,   545
1000,  6,    19,    42,    88,   128,   267,   516
1100,  6,    18,    40,    84,   122,   255,   491
1200,  5,    17,    38,    81,   117,   244,   470
1300,  5,    17,    37,    78,   113,   235,   451
1400,  5,    16,    36,    75,   109,   226,   434
1500,  5,    16,    35,    73,   105,   219,   419
END_TABLE1


[TABLE 7-5]
vendor          = Gastite / FlashShield+
gas             = natural_gas
pressure_schedule = 0.5 PSI or less inlet, 3.0 inWC drop (line regulator outlet 8 inWC)
P_inlet_psi     = 0.5
dP_inWC         = 3.0
flow_units      = CFH
EHDS = 13, 19, 23, 31, 37, 48, 60

TABLE1
# length_ft, EHD13, EHD19, EHD23, EHD31, EHD37, EHD48, EHD60
5,   120,   318,   572,  1368,  2097,  4435,  9755
10,   83,   226,   416,   981,  1493,  3152,  6825
15,   67,   185,   345,   807,  1224,  2581,  5538
20,   58,   160,   303,   703,  1063,  2240,  4775
25,   51,   144,   273,   631,   953,  2007,  4256
30,   47,   131,   251,   578,   871,  1834,  3874
40,   40,   114,   220,   504,   757,  1592,  3340
50,   36,   102,   199,   452,   678,  1426,  2978
60,   32,    93,   183,   415,   620,  1304,  2711
70,   30,    86,   170,   385,   575,  1208,  2504
80,   28,    81,   160,   361,   539,  1131,  2337
90,   26,    76,   152,   341,   508,  1068,  2199
100,  25,    72,   145,   324,   483,  1014,  2083
125,  22,    65,   130,   291,   433,   908,  1857
150,  20,    59,   120,   267,   396,   830,  1690
200,  17,    51,   105,   232,   344,   720,  1457
250,  15,    46,    95,   209,   308,   645,  1299
300,  14,    42,    87,   191,   282,   590,  1183
400,  12,    37,    76,   167,   245,   512,  1020
500,  11,    33,    69,   150,   219,   459,   909
600,  10,    30,    63,   137,   201,   419,   827
700,   9,    28,    59,   127,   186,   389,   764
800,   8,    26,    56,   119,   174,   364,   713
900,   8,    24,    53,   113,   164,   343,   671
1000,  7,    23,    50,   107,   156,   326,   636
1100,  7,    22,    48,   102,   149,   311,   605
1200,  7,    21,    46,    98,   143,   298,   579
1300,  6,    20,    44,    95,   137,   286,   555
1400,  6,    20,    43,    91,   132,   276,   535
1500,  6,    19,    42,    88,   128,   267,   516
END_TABLE1


[TABLE 7-6]
vendor          = Gastite / FlashShield+
gas             = natural_gas
pressure_schedule = 0.5 PSI or less inlet, 4.0 inWC drop
P_inlet_psi     = 0.5
dP_inWC         = 4.0
flow_units      = CFH
EHDS = 13, 19, 23, 31, 37, 48, 60

TABLE1
# length_ft, EHD13, EHD19, EHD23, EHD31, EHD37, EHD48, EHD60
5,   140,   366,   653,  1571,  2415,  5110, 11314
10,   97,   260,   475,  1126,  1719,  3632,  7915
15,   78,   213,   394,   927,  1409,  2974,  6423
20,   67,   185,   345,   807,  1224,  2581,  5538
25,   60,   165,   312,   725,  1097,  2312,  4936
30,   54,   151,   287,   664,  1003,  2114,  4493
40,   47,   131,   251,   578,   871,  1834,  3874
50,   41,   118,   227,   520,   781,  1643,  3453
60,   38,   107,   209,   476,   714,  1502,  3144
70,   35,    100,  194,   442,   662,  1392,  2904
80,   32,    93,   183,   415,   620,  1304,  2711
90,   30,    88,   173,   392,   585,  1230,  2551
100,  29,    83,   165,   372,   556,  1168,  2416
125,  25,    75,   149,   334,   498,  1046,  2154
150,  23,    68,   137,   306,   456,   956,  1960
200,  20,    59,   120,   267,   396,   830,  1690
250,  18,    53,   108,   240,   355,   744,  1507
300,  16,    49,   100,   220,   324,   680,  1372
400,  14,    42,    87,   191,   282,   590,  1183
500,  12,    38,    79,   172,   253,   528,  1054
600,  11,    34,    72,   157,   231,   483,   960
700,  10,    32,    67,   146,   214,   448,   886
800,  10,    30,    63,   137,   201,   419,   827
900,   9,    28,    60,   130,   189,   396,   779
1000,  8,    27,    57,   123,   180,   376,   737
1100,  8,    26,    55,   118,   172,   358,   702
1200,  8,    24,    53,   113,   164,   343,   671
1300,  7,    24,    51,   109,   158,   330,   644
1400,  7,    23,    49,   105,   152,   318,   620
1500,  7,    22,    48,   101,   147,   308,   598
END_TABLE1


[TABLE 7-7]
vendor          = Gastite / FlashShield+
gas             = natural_gas
pressure_schedule = 0.5 PSI or less inlet, 5.0 inWC drop
P_inlet_psi     = 0.5
dP_inWC         = 5.0
flow_units      = CFH
EHDS = 13, 19, 23, 31, 37, 48, 60

TABLE1
# length_ft, EHD13, EHD19, EHD23, EHD31, EHD37, EHD48, EHD60
5,   157,   409,   723,  1749,  2694,  5704, 12692
10,  109,   290,   526,  1254,  1918,  4054,  8880
15,   88,   238,   437,  1032,  1572,  3320,  7205
20,   76,   206,   383,   898,  1365,  2881,  6213
25,   67,   185,   345,   807,  1224,  2581,  5538
30,   61,   169,   318,   739,  1119,  2359,  5041
40,   52,   146,   278,   644,   972,  2048,  4346
50,   47,   131,   251,   578,   871,  1834,  3874
60,   42,   120,   231,   530,   797,  1677,  3527
70,   39,   111,   215,   492,   739,  1554,  3257
80,   36,   104,   202,   461,   692,  1455,  3041
90,   34,    98,   192,   436,   653,  1373,  2862
100,  32,    93,   183,   415,   620,  1304,  2711
125,  29,    83,   165,   372,   556,  1168,  2416
150,  26,    76,   152,   341,   508,  1068,  2199
200,  22,    66,   133,   297,   441,   926,  1896
250,  20,    59,   120,   267,   396,   830,  1690
300,  18,    54,   110,   244,   362,   759,  1539
400,  15,    47,    97,   213,   314,   658,  1327
500,  14,    42,    87,   191,   282,   590,  1183
600,  13,    38,    80,   175,   258,   539,  1077
700,  12,    36,    75,   163,   239,   500,   994
800,  11,    33,    70,   153,   224,   468,   928
900,  10,    32,    67,   144,   211,   442,   874
1000, 10,    30,    63,   137,   201,   419,   827
1100,  9,    29,    61,   131,   191,   400,   788
1200,  9,    27,    58,   126,   183,   383,   753
1300,  8,    26,    56,   121,   176,   368,   723
1400,  8,    25,    54,   117,   170,   355,   696
1500,  8,    24,    53,   113,   164,   343,   671
END_TABLE1


[TABLE 7-8]
vendor          = Gastite / FlashShield+
gas             = natural_gas
pressure_schedule = 0.5 PSI or less inlet, 6.0 inWC drop
P_inlet_psi     = 0.5
dP_inWC         = 6.0
flow_units      = CFH
EHDS = 13, 19, 23, 31, 37, 48, 60

TABLE1
# length_ft, EHD13, EHD19, EHD23, EHD31, EHD37, EHD48, EHD60
5,   173,   447,   787,  1909,  2946,  6240, 13943
10,  120,   318,   572,  1368,  2097,  4435,  9755
15,   97,   260,   475,  1126,  1719,  3632,  7915
20,   83,   226,   416,   981,  1493,  3152,  6825
25,   74,   202,   376,   881,  1338,  2824,  6083
30,   67,   185,   345,   807,  1224,  2581,  5538
40,   58,   160,   303,   703,  1063,  2240,  4775
50,   51,   144,   273,   631,   953,  2007,  4256
60,   47,   131,   251,   578,   871,  1834,  3874
70,   43,   122,   234,   537,   808,  1700,  3578
80,   40,   114,   220,   504,   757,  1592,  3340
90,   38,   107,   209,   476,   714,  1502,  3144
100,  36,   102,   199,   452,   678,  1426,  2978
125,  32,    91,   179,   406,   608,  1278,  2654
150,  29,    83,   165,   372,   556,  1168,  2416
200,  25,    72,   145,   324,   483,  1014,  2083
250,  22,    65,   130,   291,   433,   908,  1857
300,  20,    59,   120,   267,   396,   830,  1690
400,  17,    51,   105,   232,   344,   720,  1457
500,  15,    46,    95,   209,   308,   645,  1299
600,  14,    42,    87,   191,   282,   590,  1183
700,  13,    39,    81,   178,   261,   547,  1092
800,  12,    37,    76,   167,   245,   512,  1020
900,  11,    34,    72,   157,   231,   483,   960
1000, 11,    33,    69,   150,   219,   459,   909
1100, 10,    31,    66,   143,   209,   438,   865
1200, 10,    30,    63,   137,   201,   419,   827
1300,  9,    29,    61,   132,   193,   403,   794
1400,  9,    28,    59,   127,   186,   389,   764
1500,  8,    27,    57,   123,   180,   376,   737
END_TABLE1


# ============================================================
# SECTION 7.2 – NATURAL GAS, ELEVATED PRESSURE (Tables 7-9 to 7-12)
# ============================================================

[TABLE 7-9]
vendor          = Gastite / FlashShield+
gas             = natural_gas
pressure_schedule = 1.0 PSI inlet, 13.0 inWC drop
P_inlet_psi     = 1.0
dP_inWC         = 13.0
flow_units      = CFH
EHDS = 13, 19, 23, 31, 37, 48, 60

TABLE1
# length_ft, EHD13, EHD19, EHD23, EHD31, EHD37, EHD48, EHD60
5,   261,   655,  1122,  2769,  4304,  9134, 20768
10,  181,   465,   816,  1984,  3064,  6491, 14530
15,  146,   381,   677,  1633,  2511,  5316, 11790
20,  125,   330,   594,  1422,  2181,  4613, 10165
25,  111,   296,   536,  1277,  1955,  4133,  9061
30,  101,   271,   493,  1170,  1788,  3778,  8249
40,   87,   235,   432,  1019,  1553,  3279,  7112
50,   77,   210,   390,   916,  1392,  2937,  6339
60,   70,   192,   358,   839,  1273,  2685,  5771
70,   65,   178,   334,   779,  1180,  2489,  5330
80,   60,   167,   314,   730,  1105,  2330,  4976
90,   57,   157,   297,   690,  1043,  2199,  4683
100,  53,   149,   283,   656,   991,  2087,  4435
125,  48,   134,   256,   589,   888,  1870,  3953
150,  43,   122,   235,   540,   812,  1709,  3599
200,  37,   106,   206,   470,   705,  1484,  3103
250,  33,    95,   186,   422,   632,  1329,  2766
300,  30,    87,   171,   387,   578,  1215,  2518
400,  26,    75,   150,   337,   502,  1054,  2171
500,  23,    67,   135,   303,   450,   945,  1935
600,  21,    62,   124,   277,   412,   863,  1762
700,  19,    57,   116,   258,   382,   800,  1627
800,  18,    54,   109,   241,   357,   749,  1519
900,  17,    50,   103,   228,   337,   707,  1429
1000, 16,    48,    98,   217,   320,   671,  1354
1100, 15,    46,    94,   207,   306,   640,  1289
1200, 14,    44,    91,   199,   293,   614,  1232
1300, 14,    42,    87,   191,   282,   590,  1183
1400, 13,    41,    84,   185,   272,   569,  1138
1500, 13,    39,    82,   179,   263,   550,  1099
END_TABLE1


[TABLE 7-10]
vendor          = Gastite / FlashShield+
gas             = natural_gas
pressure_schedule = 2.0 PSI inlet, 1.0 PSI drop
P_inlet_psi     = 2.0
dP_psi          = 1.0
flow_units      = CFH
EHDS = 13, 19, 23, 31, 37, 48, 60

TABLE1
# length_ft, EHD13, EHD19, EHD23, EHD31, EHD37, EHD48, EHD60
5,   392,   957,  1596,  4004,  6269, 13331, 30841
10,  271,   679,  1161,  2869,  4463,  9474, 21577
15,  219,   556,   964,  2361,  3658,  7758, 17508
20,  188,   483,   844,  2056,  3177,  6733, 15096
25,  167,   432,   762,  1847,  2848,  6032, 13456
30,  152,   395,   701,  1692,  2604,  5514, 12249
40,  130,   343,   614,  1474,  2262,  4785, 10561
50,  116,   307,   554,  1324,  2027,  4287,  9414
60,  105,   281,   510,  1213,  1854,  3918,  8570
70,   97,   260,   475,  1126,  1719,  3632,  7915
80,   90,   243,   447,  1056,  1610,  3401,  7389
90,   85,   230,   423,   998,  1520,  3209,  6954
100,  80,   218,   403,   949,  1443,  3047,  6586
125,  71,   195,   364,   852,  1294,  2729,  5871
150,  65,   179,   335,   781,  1183,  2495,  5344
200,  56,   155,   293,   680,  1027,  2165,  4608
250,  49,   139,   265,   611,   921,  1940,  4107
300,  45,   127,   243,   560,   842,  1773,  3739
400,  39,   110,   213,   487,   731,  1539,  3224
500,  34,    99,   193,   438,   656,  1379,  2874
600,  31,    90,   177,   401,   600,  1260,  2616
700,  29,    83,   165,   372,   556,  1168,  2416
800,  27,    78,   155,   349,   521,  1094,  2255
900,  25,    74,   147,   330,   491,  1032,  2123
1000, 24,    70,   140,   314,   467,   980,  2010
1100, 23,    67,   134,   300,   445,   935,  1914
1200, 22,    64,   129,   287,   427,   896,  1830
1300, 21,    62,   124,   277,   410,   861,  1756
1400, 20,    59,   120,   267,   396,   830,  1690
1500, 19,    57,   116,   258,   383,   802,  1631
END_TABLE1


[TABLE 7-11]
vendor          = Gastite / FlashShield+
gas             = natural_gas
pressure_schedule = 5.0 PSI inlet, 3.5 PSI drop
P_inlet_psi     = 5.0
dP_psi          = 3.5
flow_units      = CFH
EHDS = 13, 19, 23, 31, 37, 48, 60

TABLE1
# length_ft, EHD13, EHD19, EHD23, EHD31, EHD37, EHD48, EHD60
5,   760,  1775,  2838,  7311, 11587, 24713, 58818
10,  527,  1261,  2064,  5239,  8248, 17563, 41150
15,  425,  1032,  1713,  4312,  6761, 14382, 33391
20,  365,   896,  1501,  3755,  5872, 12482, 28790
25,  324,   802,  1355,  3373,  5263, 11182, 25662
30,  295,   733,  1246,  3090,  4813, 10221, 23361
40,  253,   636,  1092,  2691,  4180,  8871, 20142
50,  225,   570,   986,  2417,  3747,  7947, 17954
60,  204,   521,   906,  2214,  3426,  7264, 16344
70,  188,   483,   844,  2056,  3177,  6733, 15096
80,  175,   452,   794,  1929,  2976,  6304, 14092
90,  165,   426,   752,  1822,  2809,  5949, 13262
100, 156,   405,   717,  1732,  2667,  5648, 12561
125, 138,   363,   647,  1556,  2391,  5060, 11196
150, 126,   331,   595,  1426,  2186,  4625, 10192
200, 108,   287,   521,  1242,  1899,  4014,  8788
250,  96,   257,   471,  1115,  1702,  3596,  7833
300,  87,   235,   433,  1022,  1556,  3287,  7131
400,  75,   204,   379,   890,  1352,  2853,  6148
500,  66,   183,   342,   799,  1212,  2556,  5480
600,  60,   167,   315,   732,  1108,  2336,  4989
700,  56,   155,   293,   680,  1027,  2165,  4608
800,  52,   145,   276,   638,   962,  2027,  4301
900,  49,   137,   261,   603,   908,  1913,  4048
1000, 46,   130,   249,   573,   863,  1816,  3834
1100, 44,   124,   238,   547,   823,  1733,  3650
1200, 42,   119,   229,   525,   789,  1660,  3490
1300, 40,   114,   221,   505,   758,  1596,  3349
1400, 39,   110,   213,   487,   731,  1539,  3224
1500, 37,   106,   207,   471,   707,  1487,  3111
END_TABLE1


[TABLE 7-12]
vendor          = Gastite / FlashShield+
gas             = natural_gas
pressure_schedule = 10.0 PSI inlet, 7.0 PSI drop
P_inlet_psi     = 10.0
dP_psi          = 7.0
flow_units      = CFH
EHDS = 13, 19, 23, 31, 37, 48, 60

TABLE1
# length_ft, EHD13, EHD19, EHD23, EHD31, EHD37, EHD48, EHD60
5,  1097,  2499,  3902, 10201, 16276, 34773, 84071
10,  760,  1775,  2838,  7311, 11587, 24713, 58818
15,  613,  1453,  2356,  6016,  9498, 20237, 47727
20,  527,  1261,  2064,  5239,  8248, 17563, 41150
25,  468,  1129,  1863,  4707,  7394, 15734, 36680
30,  425,  1032,  1713,  4312,  6761, 14382, 33391
40,  365,   896,  1501,  3755,  5872, 12482, 28790
50,  324,   802,  1355,  3373,  5263, 11182, 25662
60,  295,   733,  1246,  3090,  4813, 10221, 23361
70,  271,   679,  1161,  2869,  4463,  9474, 21577
80,  253,   636,  1092,  2691,  4180,  8871, 20142
90,  238,   600,  1034,  2543,  3945,  8370, 18956
100, 225,   570,   986,  2417,  3747,  7947, 17954
125, 200,   510,   890,  2171,  3359,  7120, 16003
150, 181,   466,   818,  1989,  3071,  6508, 14568
200, 156,   405,   717,  1732,  2667,  5648, 12561
250, 138,   363,   647,  1556,  2391,  5060, 11196
300, 126,   331,   595,  1426,  2186,  4625, 10192
400, 108,   287,   521,  1242,  1899,  4014,  8788
500,  96,   257,   471,  1115,  1702,  3596,  7833
600,  87,   235,   433,  1022,  1556,  3287,  7131
700,  80,   218,   403,   949,  1443,  3047,  6586
800,  75,   204,   379,   890,  1352,  2853,  6148
900,  70,   193,   359,   841,  1276,  2692,  5786
1000, 66,   183,   342,   799,  1212,  2556,  5480
1100, 63,   174,   328,   763,  1156,  2438,  5218
1200, 60,   167,   315,   732,  1108,  2336,  4989
1300, 58,   161,   303,   705,  1065,  2246,  4787
1400, 56,   155,   293,   680,  1027,  2165,  4608
1500, 54,   150,   284,   658,   993,  2093,  4447
END_TABLE1


# ============================================================
# SECTION 7.3 – PROPANE GAS, LOW PRESSURE (Tables 7-13 to 7-17)
# ============================================================

[TABLE 7-13]
vendor          = Gastite / FlashShield+
gas             = propane
pressure_schedule = 0.5 PSI or less inlet, 0.5 inWC drop
P_inlet_psi     = 0.5
dP_inWC         = 0.5
flow_units      = MBtu_per_h
EHDS = 13, 19, 23, 31, 37, 48, 60

TABLE1
# length_ft, EHD13, EHD19, EHD23, EHD31, EHD37, EHD48, EHD60
5,    74,   208,   398,   917,  1381,  2907,  6141
10,   51,   148,   290,   657,   983,  2066,  4296
15,   41,   121,   240,   541,   806,  1692,  3486
20,   35,   105,   211,   471,   700,  1468,  3006
25,   31,    94,   190,   423,   627,  1316,  2679
30,   29,    86,   175,   387,   574,  1203,  2439
40,   25,    75,   153,   337,   498,  1044,  2103
50,   22,    67,   138,   303,   446,   935,  1874
60,   20,    61,   127,   278,   408,   855,  1706
70,   18,    57,   118,   258,   379,   792,  1576
80,   17,    53,   111,   242,   355,   742,  1471
90,   16,    50,   106,   229,   335,   700,  1385
100,  15,    47,   101,   217,   318,   664,  1311
125,  13,    42,    91,   195,   285,   595,  1169
150,  12,    39,    83,   179,   261,   544,  1064
200,  10,    34,    73,   156,   226,   472,   917
250,   9,    30,    66,   140,   203,   423,   818
300,   8,    28,    61,   128,   185,   387,   744
400,   7,    24,    53,   112,   161,   336,   642
500,   6,    21,    48,   100,   144,   301,   572
600,   6,    20,    44,    92,   132,   275,   521
700,   5,    18,    41,    85,   122,   255,   481
800,   5,    17,    39,    80,   115,   239,   449
900,   5,    16,    37,    76,   108,   225,   423
1000,  4,    15,    35,    72,   103,   214,   400
1100,  4,    15,    33,    69,    98,   204,   381
1200,  4,    14,    32,    66,    94,   195,   364
1300,  4,    13,    31,    63,    90,   188,   350
1400,  4,    13,    30,    61,    87,   181,   337
1500,  4,    12,    29,    59,    84,   175,   325
END_TABLE1


[TABLE 7-14]
vendor          = Gastite / FlashShield+
gas             = propane
pressure_schedule = 0.5 PSI or less inlet, 1.0 inWC drop
P_inlet_psi     = 0.5
dP_inWC         = 1.0
flow_units      = MBtu_per_h
EHDS = 13, 19, 23, 31, 37, 48, 60

TABLE1
# length_ft, EHD13, EHD19, EHD23, EHD31, EHD37, EHD48, EHD60
5,   106,   293,   548,  1279,  1940,  4091,  8777
10,   74,   208,   398,   917,  1381,  2907,  6141
15,   60,   170,   331,   754,  1132,  2381,  4983
20,   51,   148,   290,   657,   983,  2066,  4296
25,   45,   132,   261,   590,   881,  1851,  3829
30,   41,   121,   240,   541,   806,  1692,  3486
40,   35,   105,   211,   471,   700,  1468,  3006
50,   31,    94,   190,   423,   627,  1316,  2679
60,   29,    86,   175,   387,   574,  1203,  2439
70,   26,    80,   163,   360,   532,  1115,  2253
80,   25,    75,   153,   337,   498,  1044,  2103
90,   23,    70,   145,   319,   470,   985,  1979
100,  22,    67,   138,   303,   446,   935,  1874
125,  19,    60,   125,   272,   400,   838,  1671
150,  18,    55,   115,   249,   366,   766,  1521
200,  15,    47,   101,   217,   318,   664,  1311
250,  13,    42,    91,   195,   285,   595,  1169
300,  12,    39,    83,   179,   261,   544,  1064
400,  10,    34,    73,   156,   226,   472,   917
500,   9,    30,    66,   140,   203,   423,   818
600,   8,    28,    61,   128,   185,   387,   744
700,   8,    26,    57,   119,   172,   358,   688
800,   7,    24,    53,   112,   161,   336,   642
900,   7,    23,    50,   105,   152,   317,   604
1000,  6,    21,    48,   100,   144,   301,   572
1100,  6,    20,    46,    96,   138,   287,   545
1200,  6,    20,    44,    92,   132,   275,   521
1300,  6,    19,    43,    88,   127,   264,   500
1400,  5,    18,    41,    85,   122,   255,   481
1500,  5,    18,    40,    82,   118,   246,   464
END_TABLE1


[TABLE 7-15]
vendor          = Gastite / FlashShield+
gas             = propane
pressure_schedule = 0.5 PSI or less inlet, 2.0 inWC drop
P_inlet_psi     = 0.5
dP_inWC         = 2.0
flow_units      = MBtu_per_h
EHDS = 13, 19, 23, 31, 37, 48, 60

TABLE1
# length_ft, EHD13, EHD19, EHD23, EHD31, EHD37, EHD48, EHD60
5,   154,   412,   753,  1785,  2725,  5756, 12546
10,  106,   293,   548,  1279,  1940,  4091,  8777
15,   86,   240,   454,  1053,  1590,  3350,  7122
20,   74,   208,   398,   917,  1381,  2907,  6141
25,   66,   186,   359,   824,  1238,  2605,  5474
30,   60,   170,   331,   754,  1132,  2381,  4983
40,   51,   148,   290,   657,   983,  2066,  4296
50,   45,   132,   261,   590,   881,  1851,  3829
60,   41,   121,   240,   541,   806,  1692,  3486
70,   38,   112,   224,   502,   747,  1568,  3220
80,   35,   105,   211,   471,   700,  1468,  3006
90,   33,    99,   200,   445,   660,  1386,  2829
100,  31,    94,   190,   423,   627,  1316,  2679
125,  28,    84,   172,   380,   562,  1179,  2388
150,  25,    77,   158,   348,   514,  1077,  2174
200,  22,    67,   138,   303,   446,   935,  1874
250,  19,    60,   125,   272,   400,   838,  1671
300,  18,    55,   115,   249,   366,   766,  1521
400,  15,    47,   101,   217,   318,   664,  1311
500,  13,    42,    91,   195,   285,   595,  1169
600,  12,    39,    83,   179,   261,   544,  1064
700,  11,    36,    78,   166,   242,   504,   983
800,  10,    34,    73,   156,   226,   472,   917
900,  10,    32,    69,   147,   214,   446,   863
1000,  9,    30,    66,   140,   203,   423,   818
1100,  9,    29,    63,   134,   194,   404,   779
1200,  8,    28,    61,   128,   185,   387,   744
1300,  8,    27,    59,   123,   178,   372,   714
1400,  8,    26,    57,   119,   172,   358,   688
1500,  8,    25,    55,   115,   166,   346,   664
END_TABLE1


[TABLE 7-16]
vendor          = Gastite / FlashShield+
gas             = propane
pressure_schedule = 0.5 PSI or less inlet, 2.5 inWC drop
P_inlet_psi     = 0.5
dP_inWC         = 2.5
flow_units      = MBtu_per_h
EHDS = 13, 19, 23, 31, 37, 48, 60

TABLE1
# length_ft, EHD13, EHD19, EHD23, EHD31, EHD37, EHD48, EHD60
5,   173,   460,   834,  1987,  3040,  6426, 14075
10,  120,   327,   607,  1424,  2164,  4567,  9847
15,   97,   268,   504,  1172,  1774,  3740,  7990
20,   83,   232,   441,  1021,  1540,  3245,  6889
25,   74,   208,   398,   917,  1381,  2907,  6141
30,   67,   190,   366,   840,  1263,  2658,  5590
40,   58,   165,   321,   731,  1097,  2306,  4820
50,   51,   148,   290,   657,   983,  2066,  4296
60,   46,   135,   266,   602,   899,  1889,  3911
70,   43,   125,   248,   559,   833,  1751,  3612
80,   40,   117,   233,   524,   781,  1639,  3372
90,   37,   111,   221,   495,   737,  1547,  3173
100,  35,   105,   211,   471,   700,  1468,  3006
125,  31,    94,   190,   423,   627,  1316,  2679
150,  29,    86,   175,   387,   574,  1203,  2439
200,  25,    75,   153,   337,   498,  1044,  2103
250,  22,    67,   138,   303,   446,   935,  1874
300,  20,    61,   127,   278,   408,   855,  1706
400,  17,    53,   111,   242,   355,   742,  1471
500,  15,    47,   101,   217,   318,   664,  1311
600,  14,    43,    93,   199,   291,   607,  1194
700,  13,    40,    86,   185,   270,   563,  1103
800,  12,    38,    81,   173,   252,   527,  1029
900,  11,    35,    77,   164,   238,   497,   969
1000, 10,    34,    73,   156,   226,   472,   917
1100, 10,    32,    70,   149,   216,   451,   873
1200, 10,    31,    67,   143,   207,   432,   835
1300,  9,    30,    65,   137,   199,   415,   801
1400,  9,    29,    63,   132,   192,   400,   771
1500,  8,    28,    61,   128,   185,   387,   744
END_TABLE1


[TABLE 7-17]
vendor          = Gastite / FlashShield+
gas             = propane
pressure_schedule = 0.5 PSI or less inlet, 3.0 inWC drop
P_inlet_psi     = 0.5
dP_inWC         = 3.0
flow_units      = MBtu_per_h
EHDS = 13, 19, 23, 31, 37, 48, 60

TABLE1
# length_ft, EHD13, EHD19, EHD23, EHD31, EHD37, EHD48, EHD60
5,   190,   504,   907,  2169,  3324,  7029, 15461
10,  132,   358,   660,  1554,  2366,  4996, 10817
15,  106,   293,   548,  1279,  1940,  4091,  8777
20,   91,   254,   480,  1114,  1684,  3550,  7568
25,   81,   228,   433,  1001,  1510,  3181,  6746
30,   74,   208,   398,   917,  1381,  2907,  6141
40,   63,   180,   349,   798,  1199,  2523,  5295
50,   56,   162,   315,   717,  1075,  2260,  4719
60,   51,   148,   290,   657,   983,  2066,  4296
70,   47,   137,   270,   610,   911,  1915,  3968
80,   44,   128,   254,   572,   854,  1793,  3704
90,   41,   121,   240,   541,   806,  1692,  3486
100,  39,   115,   229,   514,   765,  1606,  3302
125,  35,   103,   207,   462,   686,  1439,  2943
150,  31,    94,   190,   423,   627,  1316,  2679
200,  27,    82,   167,   368,   545,  1142,  2310
250,  24,    73,   150,   331,   488,  1023,  2059
300,  22,    67,   138,   303,   446,   935,  1874
400,  19,    58,   121,   264,   388,   811,  1616
500,  17,    52,   109,   237,   348,   727,  1441
600,  15,    47,   101,   217,   318,   664,  1311
700,  14,    44,    94,   202,   295,   616,  1211
800,  13,    41,    88,   189,   276,   577,  1131
900,  12,    39,    83,   179,   261,   544,  1064
1000, 12,    37,    80,   170,   247,   517,  1008
1100, 11,    35,    76,   162,   236,   493,   960
1200, 10,    34,    73,   156,   226,   472,   917
1300, 10,    32,    71,   150,   218,   454,   880
1400, 10,    31,    68,   145,   210,   438,   847
1500,  9,    30,    66,   140,   203,   423,   818
END_TABLE1


# ============================================================
# SECTION 7.4 – PROPANE GAS, ELEVATED PRESSURE (Tables 7-18 to 7-20)
# ============================================================

[TABLE 7-18]
vendor          = Gastite / FlashShield+
gas             = propane
pressure_schedule = 2.0 PSI inlet, 1.0 PSI drop
P_inlet_psi     = 2.0
dP_psi          = 1.0
flow_units      = MBtu_per_h
EHDS = 13, 19, 23, 31, 37, 48, 60

TABLE1
# length_ft, EHD13, EHD19, EHD23, EHD31, EHD37, EHD48, EHD60
5,   621,  1516,  2530,  6346,  9937, 21129, 48882
10,  430,  1077,  1840,  4548,  7074, 15016, 34199
15,  347,   882,  1527,  3743,  5798, 12297, 27750
20,  298,   765,  1338,  3259,  5036, 10672, 23926
25,  265,   685,  1208,  2928,  4514,  9561, 21327
30,  241,   626,  1111,  2682,  4128,  8739, 19415
40,  207,   543,   973,  2336,  3585,  7584, 16739
50,  184,   487,   879,  2098,  3213,  6795, 14921
60,  167,   445,   808,  1922,  2938,  6211, 13583
70,  154,   412,   753,  1785,  2725,  5756, 12546
80,  143,   386,   708,  1674,  2552,  5390, 11711
90,  135,   364,   671,  1582,  2409,  5086, 11022
100, 127,   346,   639,  1504,  2287,  4829, 10439
125, 113,   310,   577,  1351,  2050,  4326,  9305
150, 103,   283,   530,  1237,  1875,  3954,  8471
200,  88,   246,   465,  1078,  1628,  3432,  7303
250,  78,   220,   420,   968,  1460,  3074,  6510
300,  71,   201,   386,   887,  1335,  2810,  5926
400,  61,   174,   338,   772,  1159,  2439,  5110
500,  54,   156,   305,   694,  1039,  2185,  4555
600,  49,   143,   281,   636,   950,  1997,  4146
700,  45,   132,   261,   590,   881,  1851,  3829
800,  42,   124,   246,   553,   825,  1733,  3575
900,  40,   117,   233,   523,   779,  1636,  3364
1000, 38,   111,   222,   497,   740,  1553,  3186
1100, 36,   106,   212,   475,   706,  1482,  3034
1200, 34,   101,   204,   455,   676,  1419,  2901
1300, 33,    97,   197,   438,   650,  1365,  2783
1400, 31,    94,   190,   423,   627,  1316,  2679
1500, 30,    91,   184,   409,   606,  1272,  2586
END_TABLE1


[TABLE 7-19]
vendor          = Gastite / FlashShield+
gas             = propane
pressure_schedule = 5.0 PSI inlet, 3.5 PSI drop
P_inlet_psi     = 5.0
dP_psi          = 3.5
flow_units      = MBtu_per_h
EHDS = 13, 19, 23, 31, 37, 48, 60

TABLE1
# length_ft, EHD13, EHD19, EHD23, EHD31, EHD37, EHD48, EHD60
5,  1205,  2814,  4498, 11588, 18365, 39170, 93226
10,  835,  1999,  3272,  8305, 13074, 27837, 65223
15,  674,  1636,  2716,  6834, 10717, 22796, 52924
20,  578,  1420,  2380,  5952,  9307, 19783, 45632
25,  514,  1272,  2148,  5346,  8342, 17724, 40675
30,  467,  1162,  1975,  4898,  7629, 16201, 37027
40,  401,  1008,  1731,  4265,  6625, 14060, 31925
50,  356,   903,  1562,  3831,  5939, 12596, 28457
60,  323,   825,  1437,  3510,  5431, 11514, 25905
70,  298,   765,  1338,  3259,  5036, 10672, 23926
80,  278,   716,  1259,  3057,  4716,  9992, 22335
90,  261,   676,  1192,  2888,  4452,  9429, 21020
100, 247,   641,  1136,  2746,  4228,  8952, 19909
125, 219,   575,  1025,  2467,  3790,  8020, 17746
150, 199,   525,   943,  2260,  3465,  7331, 16155
200, 171,   456,   826,  1968,  3010,  6362, 13929
250, 152,   408,   746,  1768,  2698,  5699, 12416
300, 138,   373,   686,  1619,  2467,  5210, 11302
400, 119,   324,   601,  1410,  2142,  4521,  9745
500, 105,   290,   542,  1267,  1920,  4051,  8686
600,  96,   265,   499,  1161,  1756,  3703,  7907
700,  88,   246,   465,  1078,  1628,  3432,  7303
800,  82,   230,   437,  1011,  1525,  3213,  6818
900,  77,   217,   414,   955,  1440,  3032,  6416
1000, 73,   206,   395,   908,  1367,  2879,  6077
1100, 69,   196,   378,   867,  1305,  2747,  5786
1200, 66,   188,   363,   832,  1250,  2631,  5532
1300, 64,   181,   350,   800,  1202,  2530,  5309
1400, 61,   174,   338,   772,  1159,  2439,  5110
1500, 59,   169,   328,   747,  1121,  2357,  4931
END_TABLE1


[TABLE 7-20]
vendor          = Gastite / FlashShield+
gas             = propane
pressure_schedule = 10.0 PSI inlet, 7.0 PSI drop
P_inlet_psi     = 10.0
dP_psi          = 7.0
flow_units      = MBtu_per_h
EHDS = 13, 19, 23, 31, 37, 48, 60

TABLE1
# length_ft, EHD13, EHD19, EHD23, EHD31, EHD37, EHD48, EHD60
5,  1738,  3961,  6185, 16169, 25798, 55115, 133253
10, 1205,  2814,  4498, 11588, 18365, 39170,  93226
15,  972,  2303,  3734,  9536, 15054, 32076,  75647
20,  835,  1999,  3272,  8305, 13074, 27837,  65223
25,  742,  1790,  2953,  7460, 11719, 24939,  58138
30,  674,  1636,  2716,  6834, 10717, 22796,  52924
40,  578,  1420,  2380,  5952,  9307, 19783,  45632
50,  514,  1272,  2148,  5346,  8342, 17724,  40675
60,  467,  1162,  1975,  4898,  7629, 16201,  37027
70,  430,  1077,  1840,  4548,  7074, 15016,  34199
80,  401,  1008,  1731,  4265,  6625, 14060,  31925
90,  377,   951,  1640,  4030,  6254, 13267,  30045
100, 356,   903,  1562,  3831,  5939, 12596,  28457
125, 317,   809,  1410,  3442,  5323, 11284,  25365
150, 287,   739,  1297,  3153,  4868, 10315,  23091
200, 247,   641,  1136,  2746,  4228,  8952,  19909
250, 219,   575,  1025,  2467,  3790,  8020,  17746
300, 199,   525,   943,  2260,  3465,  7331,  16155
400, 171,   456,   826,  1968,  3010,  6362,  13929
500, 152,   408,   746,  1768,  2698,  5699,  12416
600, 138,   373,   686,  1619,  2467,  5210,  11302
700, 127,   346,   639,  1504,  2287,  4829,  10439
800, 119,   324,   601,  1410,  2142,  4521,   9745
900, 111,   305,   569,  1333,  2022,  4266,   9171
1000, 105,  290,   542,  1267,  1920,  4051,   8686
1100, 100,  277,   519,  1210,  1833,  3865,   8270
1200,  96,  265,   499,  1161,  1756,  3703,   7907
1300,  92,  255,   481,  1117,  1689,  3559,   7588
1400,  88,  246,   465,  1078,  1628,  3432,   7303
1500,  85,  237,   450,  1043,  1574,  3317,   7048
END_TABLE1
